0.00444 0.00444 0.00444 0.00444 0.00444 0.00444 0.00444 0.00444 0.00444 0.00444 0.00444 0.00444 0.00444 0.00444 0.00444
0.00444 0.00444 0.00444 0.00444 0.00444 0.00444 0.00444 0.00444 0.00444 0.00444 0.00444 0.00444 0.00444 0.00444 0.00444
0.00444 0.00444 0.00444 0.00444 0.00444 0.00444 0.00444 0.00444 0.00444 0.00444 0.00444 0.00444 0.00444 0.00444 0.00444
0.00444 0.00444 0.00444 0.00444 0.00444 0.00444 0.00444 0.00444 0.00444 0.00444 0.00444 0.00444 0.00444 0.00444 0.00444
0.00444 0.00444 0.00444 0.00444 0.00444 0.00444 0.00444 0.00444 0.00444 0.00444 0.00444 0.00444 0.00444 0.00444 0.00444
0.00444 0.00444 0.00444 0.00444 0.00444 0.00444 0.00444 0.00444 0.00444 0.00444 0.00444 0.00444 0.00444 0.00444 0.00444
0.00444 0.00444 0.00444 0.00444 0.00444 0.00444 0.00444 0.00444 0.00444 0.00444 0.00444 0.00444 0.00444 0.00444 0.00444
0.00444 0.00444 0.00444 0.00444 0.00444 0.00444 0.00444 0.00444 0.00444 0.00444 0.00444 0.00444 0.00444 0.00444 0.00444
0.00444 0.00444 0.00444 0.00444 0.00444 0.00444 0.00444 0.00444 0.00444 0.00444 0.00444 0.00444 0.00444 0.00444 0.00444
0.00444 0.00444 0.00444 0.00444 0.00444 0.00444 0.00444 0.00444 0.00444 0.00444 0.00444 0.00444 0.00444 0.00444 0.00444
0.00444 0.00444 0.00444 0.00444 0.00444 0.00444 0.00444 0.00444 0.00444 0.00444 0.00444 0.00444 0.00444 0.00444 0.00444
0.00444 0.00444 0.00444 0.00444 0.00444 0.00444 0.00444 0.00444 0.00444 0.00444 0.00444 0.00444 0.00444 0.00444 0.00444
0.00444 0.00444 0.00444 0.00444 0.00444 0.00444 0.00444 0.00444 0.00444 0.00444 0.00444 0.00444 0.00444 0.00444 0.00444
0.00444 0.00444 0.00444 0.00444 0.00444 0.00444 0.00444 0.00444 0.00444 0.00444 0.00444 0.00444 0.00444 0.00444 0.00444
0.00444 0.00444 0.00444 0.00444 0.00444 0.00444 0.00444 0.00444 0.00444 0.00444 0.00444 0.00444 0.00444 0.00444 0.00444
