7928 6181 6407 878 880 3445 9751 4986 8400 1197 4150 7870 4577 1852 6333 6815 2006 9696 6444 6918 9203 290 2850 7945 9240 7721 2246 77 5249 4257 779 5392 7677 2796 7854 2937 4657 320 7755 3226 3630 1711 2228 7080 7536 1148 273 1422 5189 4114 1085 9784 5114 8482 4139 1569 3945 9951 1787 1269 7661 2539 1540 7631 1240 2663 538 9251 7363 8669 9151 5056 587 4996 3827 6086 5117 9753 6995 7990 3995 5274 1410 4940 4218 3122 3515 4716 7595 7970 8221 501 2538 8446 4348 5034 7615 5384 4063 7966
6176 2510 9626 6256 9498 6295 5677 1056 7296 8014 5632 3275 5907 4627 9509 8581 8877 5958 8408 693 3918 5924 9703 1461 4880 6806 4790 6857 8959 8729 4537 2315 9581 8356 9909 8363 2231 5100 5138 8125 7960 3188 275 724 9972 2463 9678 680 354 6875 8695 5769 9530 6589 7578 2419 3433 436 7565 147 645 979 3674 613 7551 5301 1647 5537 1466 6544 4960 1711 2730 6459 9853 453 5064 6428 1260 984 5031 9050 4458 1296 8582 355 754 5874 3213 5206 9527 4961 6165 5244 5231 3955 7942 1137 5962 4454
8297 5692 5632 2951 595 9182 50 9056 5587 2015 4367 7364 5008 5048 306 4504 103 8108 3011 7538 2404 9500 6853 4078 3188 7224 812 5569 9291 4425 5104 6980 5476 2165 5794 4557 4077 8261 6 2108 2995 9128 6510 5636 2950 7134 8079 7021 8702 7451 954 7123 4653 8117 5268 6946 3240 7599 2471 3953 963 294 4113 1427 5241 8788 8333 4082 9121 6800 5062 3451 1582 7509 696 1687 2196 1803 7037 246 5671 6342 7566 2474 1563 9012 8246 9536 5836 2552 8671 6993 2951 578 4761 2805 2295 8935 1327 2753
6609 5102 9158 7376 5639 7023 8320 4001 5852 967 3937 5298 8177 9690 6791 9840 6405 7790 1692 3542 5054 2305 7409 4917 2734 4122 8210 4286 8874 5223 3613 1384 8334 6528 2795 7377 1356 4684 7154 139 8845 134 741 1333 6086 1082 6498 2284 3900 5353 3457 7255 7263 4144 3343 2865 3417 8538 6997 5600 9395 5608 8713 1717 307 9870 1420 3358 2435 9758 3506 8040 2719 1459 1139 1491 1582 1426 6905 705 3136 2368 9703 5127 2744 3358 1498 4199 4880 543 1404 9798 1539 5817 9616 7808 3237 9525 5899 4191
7581 298 5833 6787 3279 4885 1873 2413 1925 2986 5111 3241 2669 7572 4883 7407 1863 2256 2449 4466 1651 1549 1876 2114 4576 1707 4186 5578 571 5755 4809 2124 3974 4437 4196 9257 976 8929 1546 7575 3232 7529 8930 1843 3449 7753 6359 4543 2771 5858 6689 3868 2645 1844 1177 2801 3057 2891 2885 7800 2018 1292 6009 4548 8797 7777 3801 3677 7089 1093 5891 6154 5921 4349 9346 5037 5409 6987 5046 2568 3870 6606 8290 8471 5810 3613 6959 3379 5727 1100 8931 3323 3543 6998 4811 8085 5632 6714 5036 6620
6943 138 2063 5606 7589 1399 6575 5019 4738 1111 382 8690 3440 2849 9210 5203 5731 5543 1391 5702 7795 6557 4907 716 867 6241 5077 10000 374 4864 1937 7591 3880 4192 7962 2601 3766 1576 7175 80 7387 6042 5506 5846 8212 6063 7935 6562 927 540 1027 3387 9765 963 2812 6625 6376 3898 1763 2105 429 8839 3379 2413 178 3073 8532 4016 9459 591 3887 6127 5612 4394 3732 6421 1554 834 6919 3922 6027 2749 1486 2978 7379 303 7317 3325 9741 1954 9561 8739 9407 5507 692 3452 7032 1436 9704 4507
4517 5470 2529 809 4813 2617 7068 6034 3022 9881 3511 5960 5359 5241 8203 4945 3310 2242 7332 9810 1037 2708 3593 8210 2297 3030 9523 1593 6284 7933 2631 4071 9338 5736 1450 5439 9256 6406 5776 5698 1628 4780 7651 4791 1960 1256 5316 2055 6104 7611 106 2238 5133 8156 9223 1098 275 6850 7955 2060 3927 7614 1278 2780 1870 4748 9316 2332 8805 8382 1120 7092 8171 1673 6180 4004 8923 4629 3332 7252 2795 2682 1124 4461 7282 4438 7551 2626 8969 8082 6644 9090 9589 7325 2008 5447 4508 7738 2353 5103
8374 262 9321 7377 1601 1202 48 1247 3824 1941 3323 3444 8932 9465 3768 5509 7673 4874 9487 7142 7080 3884 6490 5728 3475 5520 3163 7570 1286 1835 6929 9792 9116 7789 8149 9364 7069 4232 827 8878 7491 1602 5771 671 4332 8999 116 3297 2303 4761 623 5437 4943 4794 2203 8499 5567 1611 6009 2591 2889 6697 7879 5022 6407 2227 2052 8686 8791 786 8963 9844 4157 2397 1258 8892 4638 2526 3978 8911 5747 3390 2157 1228 8956 6392 7113 3317 3277 1843 5945 8853 7769 6950 1183 4427 5997 8957 8274 586
2174 8356 7139 2175 8675 2707 3530 4197 7299 7753 1536 208 560 2983 2537 7026 1822 9441 3454 9951 8733 8949 3431 4528 6908 202 3689 284 2882 4528 1763 6661 3011 226 8288 7293 2716 8341 7523 6293 2183 4524 5491 3111 268 8320 5575 6149 556 7174 9482 1502 2996 705 6790 9290 785 6700 5119 577 6955 9673 7473 5761 9643 4847 4545 6399 6760 1559 9787 8814 219 400 7547 7167 7216 6425 4181 8165 4214 9055 2325 3297 7135 9094 7288 3357 3221 4890 2476 3069 5620 7148 3448 7345 9756 6417 7733 3234
877 6414 819 9516 9448 6291 9364 7013 8538 8376 1353 8914 119 4040 6371 3227 1347 1926 754 7348 6366 1124 6161 1930 4461 2250 476 3561 3226 2487 2973 7845 6165 9880 1161 2758 2504 2080 5048 2791 4299 5465 5039 4478 6019 8776 4382 5404 7545 8899 9799 5548 4994 2885 5010 8034 6233 1661 7102 4630 3185 2291 9767 6806 9584 2104 7821 4090 7051 5413 2380 8692 4889 4057 6347 3584 7776 4941 1795 4623 7262 2317 242 6832 9941 6104 7634 9801 3872 2280 7283 373 2059 7854 7812 6955 3101 4001 7113 8260
1017 3459 4231 2007 6953 1130 3010 4006 8068 8379 4378 9200 3307 3758 3258 9193 2017 3726 2962 7417 112 1672 9828 7120 466 9201 3980 4979 1210 8231 2499 8007 3716 3956 4675 9737 9359 1929 4721 1942 266 5004 901 3807 3108 1795 8021 7050 5447 8041 5206 4437 413 3559 6235 2893 9566 1391 2357 9867 1977 4388 9874 2675 3708 5107 7244 6859 166 1279 3360 2592 3185 159 9133 1040 9756 3994 5832 3428 2779 3220 3993 4416 7833 7151 9416 3875 6900 7794 9009 4952 3708 8788 3534 5076 9378 2327 7276 3703
9387 3059 5375 2953 7983 8858 5489 7176 5102 5670 4228 5424 967 9492 1032 6807 573 993 4814 9552 2454 7059 8785 4979 6563 4225 8956 8009 818 6706 9179 5887 2427 5450 8157 6018 448 6132 2516 6319 3551 5848 416 6558 5185 6062 6185 2965 1105 2582 6982 4977 3907 1346 751 6560 3287 9458 1250 9367 7296 7930 7056 6518 4130 6031 4371 6549 9593 5490 6261 7796 7743 4963 7452 8396 6076 9818 7813 3037 2917 4231 5074 593 6828 4021 2021 1199 7802 4917 1572 49 4048 4314 7200 5422 401 624 8683 7529
3608 5509 4524 8417 2222 8914 6790 167 9340 4597 6519 3754 3437 4998 6904 5525 1614 2889 5664 3489 1058 172 6119 8800 8662 1774 8527 9427 1783 2122 9099 1608 307 2964 5862 6206 7205 7194 2450 9079 9217 1080 7010 3548 2477 1426 9457 3151 6145 7875 4064 7769 6420 2711 1008 9836 6547 7826 5058 6907 3582 3591 1714 5044 3123 5597 8083 6600 1338 7905 8865 1477 1798 7395 3150 4671 382 3835 983 9529 5529 7921 3985 4073 9860 9691 1405 9548 5511 7543 1121 4491 4745 592 1290 5781 5749 3240 9239 536
8537 8667 3864 9031 7771 5492 9286 4677 9520 1997 2540 2790 7443 3801 5976 8151 7316 4455 222 80 2027 1835 9787 9263 3566 2684 3744 6550 7034 6893 8399 3580 7590 6414 336 4564 1330 2754 2089 5520 6406 4454 4113 4608 3030 9809 215 7847 6048 4864 7478 3674 2049 6609 1018 7728 3601 9546 1596 8219 3857 2570 1004 6763 8396 7131 9611 3873 9616 2518 6680 5961 9690 4344 1860 8455 4469 6247 5082 4832 5796 3995 9441 152 9253 2975 1629 5964 9143 8036 3264 6712 1154 5495 8957 9609 3014 8367 4432 2393
7042 2864 1479 910 8449 726 8062 1605 5704 562 5716 4552 6885 8090 5928 2233 4114 9968 8789 3190 4633 2772 3602 8162 241 6144 5919 4026 3837 7433 4097 5375 6705 3966 6172 6702 4490 3883 1654 4329 269 6277 7182 6461 1667 4157 879 2719 2049 60 8568 3124 7550 8838 8412 4743 3875 1601 4907 8344 1226 6020 2981 1211 8168 8591 2053 6519 5258 2369 9052 5886 1333 6840 8600 7263 5550 9693 2873 7028 7758 9010 4163 7648 7758 4899 1229 1716 4259 6412 6287 5299 317 4219 6874 1089 7490 8317 9226 3125
5954 2282 6372 6289 1217 2308 4456 7167 7558 889 3078 491 7053 4735 6526 3148 3682 7122 5858 317 5561 7748 3393 5763 3534 7388 1796 9050 3242 5458 3673 582 3003 5402 4823 926 4630 4146 7879 7111 6110 8997 210 16 6876 4982 674 5197 6166 3983 8862 2895 1897 2492 4036 542 1015 7231 7825 6046 9789 5806 2413 9388 2045 5479 2988 7955 6620 4857 198 9351 6228 3476 7761 3273 5217 501 8602 8060 2893 1463 2806 7955 8278 5026 9105 8971 3980 1957 6966 8651 6225 3369 3868 6884 3101 9888 7470 8924
1751 1193 7138 6671 1542 553 7626 9651 4508 1153 8850 1633 6534 9302 2385 5367 4723 3535 4130 181 3254 7653 1544 4000 3689 299 3693 5923 8715 9601 8915 9967 4126 2720 1462 6782 8522 9102 8649 4652 8542 7483 7862 1794 1884 7512 9953 1901 3310 75 7482 5046 4431 745 4157 5426 6716 429 8274 9029 7617 5057 3702 9932 5688 4442 5126 1483 4441 1524 8798 1598 6541 8292 8678 7736 4920 4595 5331 1321 5052 1853 9053 7647 4317 7213 4686 8883 6985 3945 6991 1440 5638 1630 3362 2119 1324 735 7224 7625
3402 4305 8017 4191 1620 7167 2201 7653 6473 7560 9287 68 5908 3582 3760 5903 2739 8959 1810 8219 3573 7928 2580 4694 3453 3053 6214 4913 224 6511 4190 5243 7886 3547 9328 5684 84 33 8937 9311 6534 2318 4743 2512 5210 7077 8295 5051 9130 9748 7972 9371 4895 5873 9738 8362 8161 1864 3889 9394 9389 7831 2381 8325 5973 3967 658 9495 7944 4560 3080 6733 1831 5511 1849 3293 1092 6381 5700 2575 633 4310 467 2171 9808 2845 1601 9868 1730 828 2282 3477 4365 4916 7614 6549 4231 2799 7187 4142
4918 7044 9222 4879 8097 2917 9533 3266 2161 166 7217 2128 7268 537 5556 1591 349 5712 6145 2749 1535 6468 5286 724 3864 604 8208 3995 6551 7965 6036 8554 2840 6139 8767 9401 8762 2899 3064 6290 5288 4498 3572 9994 7109 4010 6329 9144 5692 8050 326 2865 9464 7321 1901 4300 841 6582 7838 5158 9801 459 7836 8274 4108 3491 428 7680 2100 4623 233 4009 6727 345 4443 7009 5762 9022 9568 8781 854 218 1867 1939 8461 5234 7582 7794 9096 9209 5316 7846 6222 8500 851 7982 245 2494 549 4340
7191 8715 2177 7149 200 2481 2657 2375 2487 8496 3632 6102 1613 621 2421 9364 1047 1748 4637 6014 6038 6116 8462 6547 9963 9940 9458 9920 3660 3593 5407 1233 8096 9940 9517 2898 2720 6135 7553 1970 9509 7338 7418 2251 8868 2234 3294 3951 1611 5413 5759 3704 2265 1376 3053 8523 2931 4212 7621 3820 9478 6155 1034 6451 7650 7770 6601 5870 9610 8151 9791 30 9367 3308 8063 4986 9433 400 8763 9279 5142 4695 3495 5042 1657 4909 9621 8424 8821 4294 7355 5902 2694 75 4362 8360 9638 7422 3364 2312
1730 5528 8946 7510 2555 7298 7305 6243 4335 3115 5240 2551 8079 822 6141 8001 9020 3285 8153 6845 4810 331 2334 5682 3530 4788 1388 6942 2109 3093 6556 6195 9878 9787 5747 325 9976 2406 2313 5608 3066 613 6312 3490 6910 9429 218 5430 3487 315 7175 4657 8950 2815 6442 4601 8219 3858 2235 8493 8195 6857 1364 2130 4671 758 5824 2708 6336 2490 3434 258 4105 1231 9978 4192 8319 8960 2588 8558 2633 8167 6019 6744 7779 6487 6894 7335 6980 4961 8757 1018 9565 2897 6812 2373 8430 9812 1907 7460
7070 2208 8775 6901 2916 596 7363 3041 3063 4928 8618 7750 8157 4342 9593 3352 8010 5537 5795 2843 6982 5247 9717 2880 7607 173 3045 3117 8543 5890 8069 5720 9261 6763 4149 3691 289 908 191 5601 3549 275 605 1238 8687 915 5868 3637 2402 7334 7416 368 9910 2979 9671 5846 3948 9368 5819 4391 1621 1254 5167 6408 9978 729 6658 5995 1638 2232 4555 3170 56 6406 4967 4911 3869 4857 6294 7867 8533 2681 2701 6258 2474 7294 6864 1550 9585 6445 5710 5365 4560 4822 5456 2891 5184 4467 3941 4965
2155 6589 9904 824 8072 6337 8881 6170 3943 1985 1603 2517 9042 707 669 3400 9110 2584 7331 1574 3445 3611 7438 3351 3430 8807 2021 5640 7940 5793 8069 1027 436 7501 4327 4650 8390 9876 8815 4362 1381 3723 668 226 4265 9451 8488 5996 1746 3020 2594 469 3896 5314 1979 8182 3811 7283 726 5921 7833 8977 5184 1982 7658 8029 901 2800 8780 8880 7129 3362 7902 9023 3021 253 5271 7725 972 895 9747 4194 4167 2868 742 7033 4390 4321 6157 1910 2634 4111 2979 4964 9278 8566 9848 2959 6948 9349
6783 640 7845 2182 2014 2450 6948 3348 3904 565 516 3202 2772 2400 9880 7388 5915 8337 7537 4587 133 8624 8975 3900 2526 4475 9343 9933 3380 7754 1009 7613 6184 2682 2388 7343 5518 9300 8583 6390 4392 5164 2877 7235 8018 1317 2797 9062 8603 4217 8784 5596 3086 5382 5660 9019 907 5256 2584 196 1069 7737 1782 8467 1786 1914 889 7806 8266 2262 11 7315 6169 9351 2634 7613 1347 4619 7574 2818 9719 8987 127 8915 4470 2684 5413 4043 4945 2796 292 314 6992 7929 8850 7622 6218 1264 4727 6725
8703 5059 3931 5758 9351 9052 1553 2889 9985 5224 5889 1356 5502 3268 9417 1535 2479 6545 5609 444 1594 6093 5064 9221 8622 9526 8638 6982 3428 9297 7096 2112 3584 8662 1281 1637 4463 3366 4026 9177 8074 514 1222 4750 4279 7966 3701 1768 2807 8251 9411 8497 1686 5240 9698 3683 8832 1717 5803 2607 308 4703 7999 7362 1175 1750 7072 3092 151 9990 2789 9824 1596 69 4407 6913 7042 5018 4500 3234 1813 6242 7156 371 2041 8406 3031 9341 8142 3082 5049 4004 4851 525 4138 6980 8236 8279 1526 6770
613 7865 5539 9281 5066 4650 683 6544 7210 3668 7627 7196 5121 8037 1601 3115 6158 6517 602 7815 5971 3836 202 1955 9256 4994 6285 6485 9543 1799 9356 9243 4836 8085 9081 2674 3595 2816 5590 3294 1494 4895 8047 7773 1833 8638 6152 7295 5922 3191 4752 7796 2139 2068 6053 6102 6106 3259 1100 996 5600 737 9576 4601 5162 1987 7940 734 738 3018 7144 7070 2090 5892 5099 7778 444 2071 2808 7687 8737 6115 5733 5608 4306 9025 5988 4256 9991 9805 3991 3618 9070 1835 3200 7013 6755 7734 6943 5530
4486 8775 5045 1094 2614 7458 2234 4138 8768 2212 5970 5587 9192 6357 8067 8791 5516 1081 7673 6510 4745 462 8208 6457 7281 4423 3743 5201 2835 1564 5145 4002 6987 3507 871 8349 6786 8172 4187 5906 5826 5396 7086 6696 5980 5390 397 427 1931 9478 5766 6759 6537 4046 7832 6929 8812 7077 3939 2696 4984 1488 7017 2902 6811 38 7534 6593 6280 8970 9532 9273 5628 4473 7823 8046 4324 4663 8466 486 8983 6490 6605 2271 3947 5986 5240 1016 4702 812 1789 4452 2976 535 4381 6277 9893 8074 944 8602
7129 3112 1589 958 954 3264 6979 2630 657 8031 5334 7644 7480 1932 3634 1433 499 9015 3417 9267 4994 2644 9412 4149 3152 9621 4193 2347 23 773 4161 4907 341 1281 1849 8330 6088 5759 8366 1899 72 8698 1555 3680 5683 8111 437 773 9328 3472 4646 6962 3257 670 780 265 3695 4036 6498 1327 8120 7082 687 1655 4303 6396 7197 7604 5066 7099 4297 3443 2220 7461 3551 1050 8737 7831 8394 1052 3918 8779 4603 1858 4313 9896 2850 4753 1885 7819 5646 9576 3696 3727 7348 8180 7110 4398 1423 607
4285 7315 2701 3545 7956 2866 4495 3198 4616 3617 1226 6250 7975 3556 6298 532 6439 1753 3188 8734 5473 4154 492 8012 1244 6729 5670 8738 186 5594 6839 4855 994 6309 842 2852 9112 2915 4183 5853 1392 1011 3159 6337 5241 5117 7518 5857 5561 8744 5677 8959 3091 1306 6592 1235 5470 9229 4544 1256 3700 9880 7794 2172 8075 1664 2134 6313 6431 5000 3101 8315 5508 1697 9113 1105 7317 8968 2859 5965 7542 7121 2020 792 1365 3738 3399 3328 8239 9239 2072 460 19 8996 2067 4753 3027 7667 6698 3858
8838 1924 6077 2970 6776 3601 1820 8646 2109 5304 5876 6644 3650 2887 5739 6428 6650 7206 1764 6240 3872 4312 7869 5751 217 4585 3007 1929 3696 37 2282 6492 7253 8193 5988 7246 9233 2055 2305 7618 6450 317 1405 6305 3095 3492 1235 7293 8722 5735 9969 5160 6805 32 109 2998 5142 5537 8663 6259 6329 2539 2139 5698 3444 9933 6451 9765 60 1819 306 7176 5702 8393 6316 596 6684 3325 1644 9739 4832 3818 3103 2172 1223 2484 3500 5620 9816 4669 8317 3311 7995 9608 3541 9939 3842 1049 2683 6866
1355 2779 2576 2397 6512 4547 4079 5018 1679 751 6904 1265 3788 1691 1034 7996 4007 5108 7846 496 197 2219 9717 7371 3585 2173 2150 4627 9895 7850 8093 4468 7070 4524 6903 6383 2413 7017 3898 869 1713 3822 4271 555 1700 3852 3576 3369 6326 2119 4737 8062 842 8584 8410 8071 37 3210 8963 684 1297 2937 8560 4563 6187 3404 2210 1750 2426 2681 5029 5320 5849 8733 5204 1310 9162 8332 5103 1250 4870 117 2551 9043 965 6027 2991 755 2037 2451 4331 9326 7709 7303 4178 8305 4476 5671 2988 9702
8328 8380 1569 9814 6380 2657 7103 107 2532 8625 9475 9840 3717 9410 909 2676 7452 6351 6728 8887 4380 90 9176 2535 4701 539 4094 8596 5046 9236 3858 8273 9509 4893 5456 2284 7021 5564 1110 7770 1775 8020 3038 3974 8023 1501 7500 5316 8743 5545 9150 3111 6009 442 8298 3244 4950 3932 5443 3928 4405 8251 1850 9151 7899 8106 1439 3847 6475 225 5816 545 1659 2580 1178 7940 1235 9061 7812 9163 9825 9014 8241 4517 7166 9586 2059 1709 222 8863 840 1336 5697 1977 3376 1789 9712 251 3005 2681
6724 6123 100 512 1882 4329 7920 9274 9778 325 3889 1535 3152 8375 7724 4073 8960 1847 6244 2674 3373 4955 6293 6037 6155 7309 3570 1082 966 6699 1634 1332 2034 5935 6789 4468 573 8464 4883 9584 2708 3906 6300 7017 7683 9259 573 8895 5304 8779 2928 234 4440 6150 5651 2048 9564 6012 708 4310 6272 5135 3711 6901 1692 301 7438 947 8318 9360 3253 2747 7580 5076 1925 6031 4454 5596 9489 7563 1995 4058 4858 1848 8796 8209 627 5911 9002 8877 3543 2190 7625 5339 219 9443 4982 6321 7451 2432
9724 2339 5228 9776 62 5446 2142 9102 663 1751 1897 3063 7543 5409 5167 9266 877 5522 6430 8275 7376 9025 852 8749 6208 5911 8399 6520 6022 3452 8211 8686 8479 5529 4571 4965 2699 4818 7425 5762 3266 1058 8473 5843 7912 7629 2416 9090 5747 7293 9964 6055 9830 8165 788 6420 1754 1147 4659 603 961 9107 5900 3156 3803 6799 9017 9221 5725 8908 8963 513 7516 211 8573 599 1458 6986 1954 5608 8173 6043 7130 4312 859 8636 5818 3988 9668 3978 9508 128 9262 1354 2208 6308 3782 5147 6619 4903
6290 3948 8852 4420 2896 248 6015 9855 2753 6333 8328 4980 3040 6077 6925 7824 8998 1662 4079 3544 691 7888 1263 8903 3279 1266 6002 4141 1312 8858 5986 8217 1487 9008 5244 639 9650 1078 7888 5070 4544 3550 8567 3413 1025 945 7675 6446 415 5207 6036 9458 5835 4535 5149 5391 1353 8427 3836 3901 9241 9337 6121 1489 1293 3706 2472 4504 2121 314 8668 8969 3050 7370 4642 6874 7838 5593 2817 8844 1807 9277 8804 2853 7688 825 8819 4874 6036 5378 2612 3582 633 3760 3827 2636 4978 3356 1152 1335
666 1807 7964 6198 1776 6851 8565 9580 965 7948 4701 561 6708 9879 2794 8883 8628 5014 1836 6982 9794 917 1062 4786 6139 3328 4846 9884 2853 1617 7783 9429 5280 6560 3364 4313 7099 5604 6628 8663 3305 974 300 8181 6695 5608 6962 2662 2473 4748 3156 2520 4096 5785 7993 7060 1275 4187 4272 2950 5925 6360 9641 9888 4201 3807 8044 7360 4468 6821 2438 2374 510 2290 4974 7343 2905 6209 7220 819 8562 7590 6850 6853 4326 6190 3611 8150 6132 1569 4611 3524 6326 4726 7908 7307 1534 5432 4465 9069
62 9326 7990 1278 1650 4108 7193 8905 9910 8971 3384 8666 8250 5980 6709 6925 6131 8853 9842 2683 7307 1888 1101 7993 8092 3724 8121 9389 3575 5101 6676 328 1647 5973 4635 6808 1551 5215 1396 6460 5585 9913 231 5358 9868 199 8340 6557 8 9704 3967 4672 6119 3154 8871 3059 6505 2669 2239 152 2709 2957 7442 63 9988 8278 9723 9534 9785 290 3049 3153 4265 1053 1390 4695 1415 5884 7507 930 1101 9661 9702 6976 774 6841 7152 9686 6157 1927 311 9741 1477 9884 8873 631 4218 9689 6243 9286
5431 5393 9638 6618 5433 9706 2499 5843 1536 6311 5708 126 4975 9422 2507 1116 8127 1094 1902 1721 7887 3264 3896 598 1331 861 6426 3534 2817 5034 2886 3955 4232 2204 4165 9321 6090 6795 1025 1876 7655 1361 8083 9305 7022 6252 4016 8416 1394 4392 7381 3304 7683 4254 272 1755 6782 1789 3068 813 2866 8722 6480 1445 3540 9747 7229 471 5298 1827 8799 4743 9833 8556 6561 8012 2531 3283 50 9624 8732 5647 369 5659 4933 872 6130 9414 2426 1337 4417 7599 7976 6021 4076 6517 7548 2324 2773 56
7054 6138 4890 3665 1675 4899 6559 8581 5769 4402 5334 1823 3607 6269 1373 637 4011 4188 4056 4746 2315 1309 6235 7330 8512 3768 4526 5916 8588 7238 2738 4449 4673 8907 9554 6669 6855 7109 9674 4822 9861 5345 2432 7308 8168 6657 8273 4211 1735 6558 8905 7568 9888 5468 2208 2977 7729 2165 5980 4907 2285 9337 9973 4786 7607 8638 1515 7798 6864 5560 8044 8237 9730 4517 7221 3915 5929 5502 7936 8480 1777 6557 6488 9204 2628 1731 5766 9622 1580 672 5917 5479 6102 7073 8126 6600 5149 4658 2835 3997
4269 3451 7233 1645 6797 6325 8594 4258 224 3838 8784 2838 9838 2607 498 8643 2774 2435 9454 4851 9643 2558 2635 1832 7727 3822 1786 138 638 3911 8041 3338 8045 4731 6457 7391 6567 3650 202 8270 6670 1486 2166 9243 9237 1509 678 3206 8044 4870 1641 5330 9694 2322 1505 3976 8072 7640 9946 935 9484 902 6692 1870 683 5346 3036 1971 7183 7023 9046 1224 7961 3337 7088 7544 5177 6880 9823 6719 5591 7887 5188 4498 4520 8432 7934 5482 9826 640 6576 7087 2873 7351 57 6611 3083 3717 352 3657
5058 3778 5314 6622 296 1434 306 3804 6229 2404 9755 7423 7213 1772 5107 7075 3274 8445 3346 810 9656 3300 5765 9721 1708 8379 7942 1934 6998 1790 5135 1753 8111 3329 9222 6140 4774 9341 9411 229 7357 1727 4029 7933 894 2632 9778 2136 3475 8839 7386 3485 9188 449 3691 2423 5226 9287 2478 4253 8509 2464 2287 5522 6590 2183 7012 5676 1241 7042 7496 1395 8884 3300 3112 1348 8570 867 2660 7032 786 360 2929 9869 8503 4478 6799 3356 3170 800 5064 40 2785 6289 2809 8893 8031 7424 7810 23
6287 8475 3447 5346 339 8534 3847 3848 6047 9293 2898 398 9677 563 3806 61 2396 4734 1745 1287 2688 4930 9530 1221 6036 94 8424 7759 9501 336 7678 3492 8811 3842 8876 6699 8125 4815 7407 8032 6213 737 6006 6726 4474 7750 1219 8805 8817 9010 6478 6804 7377 9394 4617 2017 9554 850 8787 7174 1453 414 5288 7552 3804 5353 5029 90 6753 6689 8778 1217 2364 8033 645 4943 5757 6831 1686 2966 9513 3694 8104 7260 7533 7195 174 6698 545 9642 7760 3697 9051 8141 1944 2073 3124 9658 4863 6454
9665 6683 8013 8575 9547 6347 7346 9874 2638 3648 3571 9399 5148 5710 5906 3380 6226 7301 8541 9020 3441 6288 6214 261 4172 2412 1603 4390 1901 7620 5550 7559 8549 3285 5141 2411 1582 179 4193 7777 4757 2509 3564 6244 4942 3240 7880 5354 3616 9810 7274 3103 1133 1927 8949 2376 8097 8354 9824 4343 1831 339 887 5004 2418 4704 670 6254 1473 9217 1137 5533 7640 4800 6619 4495 2743 4572 7274 8868 4086 1770 8243 1672 6462 531 5421 854 6340 7307 7222 1817 1161 7663 7743 3547 904 7595 9732 2126
9170 6901 7730 9310 5802 447 2734 4084 1915 7861 1319 8660 9672 5918 7728 2534 3254 5328 9127 7110 6952 3016 1749 7332 6199 3174 6273 4406 2578 2855 9206 3482 4035 2924 2175 8693 8856 1916 6701 2866 2724 228 232 9131 7371 1133 7404 6186 3606 2273 2113 7990 5949 8961 7513 8862 1239 1551 918 9476 8792 8853 472 1459 1636 6453 5802 5750 5384 8873 4391 2786 302 8813 2492 9816 3134 5091 4976 2709 1847 2839 8350 2022 11 7806 4333 5435 8884 8418 8583 7873 5223 8169 7228 2130 3179 8044 3934 8804
7135 857 662 4108 3108 4352 5151 5056 7500 5869 6692 1342 3934 1556 4992 8750 6836 7203 9435 1304 5141 6030 9483 8523 7459 7955 3816 7417 6284 8935 8556 585 9317 1345 8626 1469 2041 7256 9456 9863 29 7442 5231 1505 2616 8182 9215 9834 6466 552 7078 8035 2103 9647 3226 9983 5298 6553 3854 8898 516 1358 8279 7035 288 2411 4257 9894 7172 9765 1026 912 8290 890 2433 4947 305 871 1129 7318 175 4732 2568 343 7484 5431 8461 8033 7694 2369 5851 3018 9495 2326 304 7553 7091 6330 4188 8100
1916 9002 5747 379 3531 7151 3464 8714 3931 6729 4903 1421 983 8116 589 458 7314 2529 4036 4906 1459 5475 2349 3366 6374 4606 7641 8401 4057 778 2527 7560 1188 2915 7467 7830 1621 5277 7633 8250 3784 9359 9286 6721 8123 402 2495 7565 8182 4689 840 1092 830 1886 5496 9031 1214 7698 1068 6662 4592 9382 7800 3043 1722 9001 1604 369 6581 6567 2309 7695 6172 2716 7236 8206 5148 9705 3031 3280 2293 8074 211 7369 7179 8632 3297 5344 9395 3261 1295 8108 1493 6554 7582 8983 6547 7004 5729 3331
8481 2650 3384 6203 8456 1537 8454 3104 7500 4083 9597 4158 4618 1784 2430 6451 855 5076 375 2635 3815 2942 9253 1632 7207 5914 1025 2692 5003 8018 8515 4847 160 8446 5150 6465 4866 1220 4287 263 9128 8538 9788 5618 216 5433 290 3331 241 8873 9144 7482 6578 100 3494 6035 5698 7146 6809 2651 8425 8506 9876 8129 9854 8859 9641 6330 1122 3261 4772 4434 2435 4521 8648 4468 3254 384 3694 1908 7557 5982 8517 7197 8784 9397 6695 5619 4725 8517 4278 1495 2513 5774 8489 5357 3625 8871 2228 3671
8740 2162 6621 5162 6365 3164 5894 6733 4296 888 6851 2934 5649 556 8708 9369 8427 2311 4187 7926 325 8513 9850 3327 6844 6355 4654 9916 7634 9997 3393 3757 2166 6071 8775 3076 7495 351 6065 3818 9996 3198 8181 5663 7828 5645 2839 2752 7437 2593 1016 3061 5886 9810 452 3946 8404 9028 9366 3061 6516 7399 9733 824 4858 4032 9647 4432 9158 8506 2978 6719 3885 9551 6150 9598 9041 1161 8464 4512 7752 7272 3872 7671 7353 3991 9312 7259 9656 3896 8692 8414 4202 1394 1911 4873 5231 9858 1806 1217
2036 119 6053 322 8915 1552 5733 7294 6465 5292 214 3853 2685 6788 7055 2000 8519 3665 6807 9953 6091 5244 7957 6729 5622 5500 4780 8593 1059 9485 1912 3877 5583 4637 7266 2632 9267 6716 3715 8391 7590 5162 8095 374 3645 9061 9354 1724 7020 2807 8139 2680 3625 2654 1390 3663 261 555 8981 6444 4058 9176 5207 7043 7795 2667 7818 5375 42 5061 176 9205 1993 6116 7951 814 5956 4889 7488 4660 9690 47 6851 489 5909 6098 7602 8185 8213 3241 3886 6832 5293 3055 8058 7826 39 6932 7689 6486
8327 3797 8837 9159 5509 3729 9497 1003 5208 8687 7709 8565 3640 6994 6345 1983 2366 104 7000 4959 4830 1198 2080 1661 9031 4880 2258 819 2032 1363 2182 3120 7246 7317 9787 9357 1898 9689 6387 3272 5438 8879 7705 2197 7036 1039 1679 2507 2262 228 5369 4642 3058 4070 5208 1243 4355 1173 5413 259 1158 6480 1318 4209 7137 2262 8291 4881 5060 4207 9700 1402 8844 5416 3465 936 9667 9075 4506 6573 35 1343 3958 3457 7468 9408 6040 6872 7871 9365 9768 9791 7467 8256 1662 5743 6229 560 4650 4269
5872 2557 4341 3817 5611 8660 2599 8612 9482 9663 4627 7031 3875 931 3416 2954 2110 2600 7384 7463 6775 2032 9257 3307 2121 6253 2217 8261 1369 3385 5862 7095 8450 992 6938 4035 9964 1619 714 8964 6441 7366 5472 4265 2809 9118 9745 3501 6966 8055 915 1250 5611 8194 4515 7965 8828 2747 5250 4133 2569 5770 1869 2033 8551 7389 8795 3001 3312 8344 7901 2341 4378 4721 4966 9145 9333 2688 278 9790 5515 4620 8242 9996 4130 2223 2177 4871 4556 3665 6425 5816 2257 9700 474 4619 3206 4923 3871 307
3393 1767 6664 9290 7017 1989 2736 1360 1403 8139 4785 4541 5804 1283 7759 8733 9020 5084 4810 4567 2359 8362 8109 7163 5426 2060 8538 6129 103 2265 6295 1345 4975 6707 4074 328 3771 6127 8460 2106 5734 3741 3218 2565 6549 5429 7939 6226 7430 5328 5305 1903 19 8829 1330 8044 147 9909 5909 1630 7222 66 2670 6585 9742 5869 7691 2039 8290 5184 7935 9358 2629 3288 17 4994 2040 2257 9478 6972 7228 1039 5676 6127 195 2994 26 3453 5625 6168 2167 8243 5898 7851 6152 6952 5751 7903 4520 9319
5885 8239 57 452 9377 1973 3134 8488 3610 5608 3454 1475 2495 3661 8447 1770 3163 7244 1660 9720 2292 7060 8415 873 1958 2532 2618 7449 2406 8009 2490 9791 162 5716 625 2955 8242 6357 1417 4613 1990 689 9980 7748 1598 3487 7816 2698 1566 3159 4462 9340 5032 1520 1203 2677 3662 5347 1338 2275 1431 8163 7237 368 9415 8612 9701 3892 4554 3478 5953 6478 3122 8977 9043 3492 615 3729 6685 6880 3511 4582 3100 347 8058 6789 5867 6620 639 5083 2105 1030 1662 474 4684 9476 9852 361 6590 5421
1986 8250 4975 2360 1935 2595 2918 3655 9414 1837 2666 6521 6486 6913 2398 6654 4370 6369 7024 5317 5551 741 2217 8803 5974 8414 6608 4310 7869 3426 9425 4673 8499 6332 270 3112 3968 182 6751 2054 5664 4945 8970 7592 8883 9490 830 9949 4398 8725 9238 3428 1611 4345 6336 4220 418 5367 7456 9688 5211 2501 3643 7403 1312 9727 2870 2611 8130 402 3424 5118 3783 9801 392 392 4625 9161 2766 8595 3852 6901 5869 855 8130 648 1719 5179 7610 6969 2118 862 1061 3874 4345 6815 4905 2665 3094 1436
1401 1783 4774 5721 6267 9860 2939 4744 2163 4868 9523 371 5151 7207 8953 3617 6845 5643 5007 6927 2812 8625 2279 6072 8965 4725 6863 7687 3745 3247 9200 4000 2206 1203 5848 5574 5006 2137 4950 5092 7858 6509 3392 8029 3832 4669 2163 3282 7252 2672 9294 7547 6575 9282 8567 7428 9669 7922 2058 2930 7477 151 2865 3443 8075 4207 5134 2737 9137 8453 1900 9112 2766 2513 666 8537 3399 2160 4261 1486 1492 5979 724 7116 2822 9688 6316 9003 65 846 9534 6354 8807 5993 5648 353 4764 4403 5223 744
1174 8498 3129 8749 909 1704 8908 8764 976 7152 2473 3614 1532 7695 5047 4789 2226 6043 2050 3564 2899 3089 8696 2326 1003 845 4018 526 8708 7761 8380 4788 4081 1714 8690 6614 6218 5942 6763 3062 998 3582 8141 5815 881 441 5517 9029 2815 9925 5304 3063 2523 7642 3924 6530 9879 8646 1189 6222 6309 8007 5373 2387 1803 9688 7634 6406 858 860 8008 1486 5203 2923 7393 1974 5218 2603 8474 8641 5431 709 5307 5297 6640 5596 9756 9171 8942 5036 3869 9280 5575 5175 3385 8360 8361 4716 9192 7743
9153 7750 1430 1105 206 5354 9945 2030 8486 4689 636 4838 3405 1393 8860 4847 9741 9780 8953 6159 2072 4220 6922 9035 5883 5040 435 9444 5259 8021 8065 5001 2242 3296 3833 1382 1275 8096 1487 4734 8996 774 5176 7223 2137 1178 3762 6243 2254 3814 3408 5121 5965 8438 5372 7819 7634 1937 2174 3188 2796 3119 5880 8368 8774 2559 7805 2498 6561 5380 2462 5166 4204 2819 4993 5888 8986 5253 2224 5233 9084 5531 5429 915 9936 9847 1613 6535 9061 8491 1164 8746 8422 215 6857 4713 9298 2320 2134 5461
5513 9898 4758 992 1613 416 5217 5630 1624 1542 7091 446 4077 5051 1531 3009 256 1676 3892 2560 3915 6656 4527 157 7627 5636 2024 6707 9926 9830 6830 3309 5310 3433 8580 835 1105 8320 1811 5936 1156 4706 9244 326 4002 7082 9686 4459 9570 1233 4159 1878 3029 6735 2275 5154 627 2369 3884 3315 4335 249 97 9271 4123 6710 5096 5089 422 2841 9854 7667 2923 8706 9688 1560 3380 8638 5854 1083 592 137 8730 5431 7705 6307 8026 162 7272 9279 6699 2819 6542 6695 4717 69 60 5309 5320 2628
7674 3928 7583 8609 6024 4484 1742 9616 6046 6216 8170 5455 9036 9652 1627 9955 3339 9492 1851 5943 8795 7143 7096 7304 4039 5088 3972 2719 9944 4021 3389 2504 2743 6068 9552 4651 1698 446 716 9944 4607 2317 8540 1818 4122 5422 9152 4881 5899 2988 965 8397 361 9302 7441 6168 2009 1210 5356 795 1807 7181 3434 66 3771 4036 1378 1005 4420 1485 6661 3756 5546 8841 964 7519 4440 5639 2124 4604 1971 9680 6217 9159 7770 3712 6604 9686 4605 1867 3457 4608 7579 6396 2712 4340 3971 8745 3098 3867
6996 8871 6081 9312 1212 2311 1082 8809 6139 92 8790 5448 5473 759 1163 7463 6784 2344 1703 2307 6344 7262 193 4224 9398 3193 2256 9850 5268 8188 271 5335 6939 4939 1139 1541 6177 7722 9828 7434 6454 272 6935 5588 3780 7557 8929 247 8063 2693 2886 9953 6507 5040 7088 425 4749 6003 6491 13 6789 8050 9777 3227 6013 46 1008 1958 3553 5565 2731 9240 8888 3220 113 7336 9894 8535 5042 7658 386 9854 2854 6374 4520 1563 9944 5622 540 8121 339 2033 9942 1537 7846 4543 805 1724 3426 9709
9431 5153 1525 6980 4005 6016 8820 8202 9303 4906 9317 2256 9259 7422 7503 7397 12 8916 4169 294 1329 2718 3480 6699 2722 148 9587 3203 5482 2650 3390 1031 8499 7419 7047 3612 1527 9293 8154 1125 8504 8640 3539 9346 6180 9850 7457 9607 1825 2960 4006 525 9862 1372 7981 8354 8965 8884 6239 5 2950 8421 9775 6470 649 1696 1097 3922 1528 5009 7328 886 7654 8198 3923 8969 6153 9800 2120 6064 5069 6449 2034 1216 1136 2539 1655 5540 539 5604 2724 1008 4348 5144 1241 9528 3138 3461 800 3585
2738 3937 3464 2808 1120 74 6974 7943 7576 9571 9857 7850 3122 3954 5288 3002 2264 3862 732 6063 9008 5448 9355 1128 236 3579 7453 2119 8800 4926 8157 5349 6368 1903 6702 4440 4691 9818 5159 2516 7262 3387 851 8141 7335 115 4869 9946 4207 5664 834 2444 506 676 1141 3042 3156 3746 9231 2960 6192 5667 6493 961 3207 1599 4913 2753 4636 5874 5661 3645 6233 1790 5248 8689 5107 4922 1536 2015 7488 9328 5456 7921 9048 7225 6032 6570 1681 4168 699 1934 4728 6631 9629 3370 3023 1960 5079 8910
3176 2530 4776 8411 1066 3421 520 1426 8011 8896 8292 1556 7871 9521 99 1362 2939 3736 5369 8903 6182 8874 9424 485 9144 299 8632 6021 3677 5554 2996 6135 4168 5841 1141 1090 4432 7591 9853 8311 2726 1269 9014 3583 3705 9464 9452 7981 430 2325 9943 5326 4124 6813 569 2086 8550 3245 1633 3548 5496 620 817 7413 6224 1872 784 7762 4111 1921 4541 4633 9245 3923 9020 9274 6697 243 3936 4505 1987 161 8682 2372 6887 5494 5878 1236 2653 3474 4180 9752 4903 5760 1247 1685 6577 7696 5023 6270
5108 8791 580 7009 629 600 6748 1486 9334 8882 9377 4459 7839 1691 2680 9058 6731 3497 3521 6572 9161 8028 672 2595 4270 8681 1738 4697 9942 4563 2523 6328 290 369 1261 4965 1798 9686 7419 9066 8614 7922 5542 4993 43 1802 2691 9565 9608 14 9917 2826 9379 8574 1997 8641 9291 9848 4676 3270 8648 1924 573 6023 5271 4406 5211 3042 3965 77 939 8221 2317 9245 378 1354 5624 2830 9048 9450 5812 6643 6711 2700 8510 607 9260 9559 7203 143 548 5866 3273 7936 136 2006 8273 1424 1337 4641
4179 330 7565 2699 7855 6277 1271 3795 4846 1704 3488 9658 4853 6275 8723 2776 9932 2726 1827 1419 5653 8376 5598 7296 6961 864 1415 932 1627 5495 101 5886 9619 8330 5007 778 6548 6581 681 6548 1320 1819 1297 6159 9912 3669 9772 9368 7636 9160 4481 4211 619 6675 1712 6147 9366 6773 1217 6093 6791 380 4689 7293 2100 1116 4066 1448 92 3847 9356 56 5416 9624 6526 3963 3170 6040 5506 6472 8378 1564 8703 2556 2015 8039 8619 9897 166 3658 2101 4527 792 4495 7034 78 5422 1741 8608 9066
5717 8791 1246 7039 7839 3811 774 3236 1786 3622 1102 3315 3153 3479 8357 5455 7939 8406 3134 1052 6907 4385 6158 7624 4784 4499 5757 6137 8234 4229 7353 6463 583 4550 7786 2047 1550 7882 8563 2433 3223 2842 706 2498 4884 9382 9313 9415 8155 1427 9871 4271 5421 9416 4876 3864 5394 2141 5016 7206 472 9088 7026 5847 1112 4579 5010 351 8382 8730 8334 2919 9834 238 9604 7753 2200 7760 2323 6130 1586 5634 6762 5009 246 2008 7209 2560 2569 5673 5406 639 4354 5281 2887 5472 5207 4956 8085 5428
6773 4882 9666 4541 2549 6730 7677 9623 2059 6333 2466 7831 5554 4384 1336 5372 1563 8784 9214 8450 2881 7653 9534 5055 371 1070 2360 6129 2363 8214 5263 6432 888 2765 750 9778 6870 6219 5297 5356 1257 4591 199 9610 1254 5616 1425 5173 510 1281 1822 5868 5000 1234 6504 5134 3586 5457 9105 6543 1199 4114 1573 6876 7900 9046 3470 2273 4549 5510 9834 1008 3724 5141 6537 3269 7811 208 3292 851 7535 5764 632 2669 9968 9563 2139 3832 12 6722 3445 4849 2301 909 3802 8552 8816 5696 4103 3560
9671 7665 2282 8703 4386 7619 6235 1459 7199 2456 9807 2284 7907 9054 339 3895 4224 2858 9268 8418 8131 6277 8444 9526 9340 3021 4293 4895 779 6468 6083 5965 9367 2069 2232 1693 9752 8953 9848 6104 6611 3759 9938 4919 1657 1529 7154 6866 4985 7147 3831 5893 1766 6334 9710 4517 1923 6923 1205 6120 4968 2841 1480 4626 1751 9466 1367 838 6596 7976 9875 5107 4462 1132 7187 2181 7935 4823 775 2156 5975 6646 653 6617 8360 3347 4983 3445 2288 9935 5462 9922 7552 2858 478 4868 3067 4477 4768 3114
4009 6230 6135 836 4408 9474 4139 7724 8894 1147 1991 1464 2682 3887 3267 560 6994 280 2010 3091 6567 1439 9488 5417 2179 6533 8702 5462 9807 8518 3779 8905 1223 8274 2610 7515 8314 8517 708 4125 799 9641 9374 1748 1487 2423 1477 5071 5059 7165 8754 8884 9226 4886 5447 1600 3492 5887 7798 1215 6540 5781 7438 7488 9591 4990 6824 195 2585 1147 2800 9046 3529 6910 3088 8060 6444 3713 2065 4440 7248 2981 5624 314 7437 3490 8094 7258 3760 7822 9489 6255 3900 8646 4747 3085 5174 7819 2008 6040
4962 8402 1581 1369 4442 2737 9486 5228 6066 2525 7836 2182 3339 7382 9841 8668 5817 864 1681 8180 7379 8138 2593 4199 857 3959 4046 4938 428 3699 3135 3532 6792 9953 5249 4037 8362 697 7415 4097 3085 4627 1800 3871 3110 691 7960 8355 3793 8699 7535 3130 993 4546 3350 8442 259 8026 300 4264 4340 3844 7296 6487 5157 4852 4197 2242 1419 7977 4843 1705 2841 425 7934 461 3312 8670 3685 8581 7113 2091 5912 5785 1244 7038 668 7948 4105 8831 5236 7861 8518 6603 4714 1888 1815 6106 3641 8642
7036 7544 9827 8009 5707 6657 4300 3337 3166 477 7536 424 3695 261 9198 6587 1957 887 973 5932 2706 4526 3335 2938 9998 8605 4525 2534 6603 5885 1465 7464 3768 9896 5208 4493 163 4201 2372 4637 3165 7 6027 7220 7586 9572 8801 9018 9104 2598 6641 7456 8955 7927 2223 8303 9397 5009 465 566 2037 8751 1915 949 5925 646 332 4825 5282 2891 8799 4469 9693 8550 7403 112 3310 1699 2418 3266 7700 1392 9423 2492 60 7781 8981 1553 3404 8626 9957 3570 2548 6954 9216 3472 9855 9448 2466 3409
1534 3613 72 9029 6119 347 1360 7863 272 1798 128 1382 9085 1005 3647 9236 2665 4059 2999 407 1415 4897 774 261 3157 1905 8999 5288 9935 431 6908 3858 3925 6522 6140 6308 8724 2707 1080 3062 6751 9803 9208 576 9610 3954 6012 9304 2345 4113 9214 5489 7622 7517 7121 5613 8794 1892 2390 5666 4801 5232 6878 27 8126 9847 4457 1530 6645 1129 8822 7908 7599 7973 1112 1609 2201 2422 6723 48 1821 2059 8448 9662 7600 7601 5999 8150 8331 3341 7621 7239 572 987 5705 814 946 8401 5303 8390
677 9122 9524 212 3665 6884 357 1103 5945 1173 8706 6971 7991 1258 2482 2407 7961 4484 6367 8634 8663 1784 7114 8120 8395 4915 9492 1277 8281 7645 149 6721 1511 1577 1329 7561 449 7951 7116 651 8025 1538 489 8671 9224 5978 1001 1513 4493 6773 3102 7539 7552 3726 3245 115 3453 8974 3450 9545 5162 1277 848 5268 5716 9794 5720 6565 5569 6164 6571 1223 3396 5895 5886 4121 4236 9904 8175 5958 6100 4547 3821 3213 4616 3204 1160 1896 9062 6882 6135 9085 8537 5663 341 7258 1187 7215 1088 9353
2024 8900 5036 7498 2830 4816 7741 1563 9334 578 6073 9903 223 8831 8913 527 1234 1259 9791 5426 2494 480 3223 6312 6309 8041 1630 5145 342 2409 6696 8069 2722 8529 545 8992 9877 2008 8732 9565 5029 4080 4010 2755 9085 8503 8223 7727 8900 6877 4304 4602 8955 5880 7496 5164 8481 2957 53 6453 5432 7574 6423 6323 5114 6298 5776 9999 8531 5434 1133 356 3506 9034 5585 8061 581 8390 9315 7555 5059 8053 8558 2815 8319 7328 696 858 7749 6379 2691 6004 9462 9572 5340 7866 5300 6367 9559 3698
6850 5318 3327 5638 5684 8004 4433 2564 4358 3265 1850 8514 9797 3046 1951 3511 1540 471 6846 9072 8828 6546 5109 2891 3784 4182 4230 8807 3963 8894 3534 3253 8897 7893 2394 5360 2646 8713 1950 3378 486 5128 252 2616 2256 4575 4236 7995 8752 8484 8020 1017 4815 6618 3466 1082 4894 4988 7804 2054 8680 4266 981 2736 6706 8127 7066 3245 3312 3942 1860 7487 9153 1910 3895 5305 7682 761 925 79 9329 4707 3231 9011 288 2243 6855 8407 1574 9107 1058 6344 6232 3259 369 6609 766 7772 7251 7829
8570 9124 4358 8211 4416 7668 5895 4294 3026 6006 3984 9364 3346 4400 391 7648 6274 4269 3810 4372 4373 6258 1303 9641 8068 3714 7308 2367 5629 4574 5056 570 8978 7713 7407 9221 6347 1746 4801 8797 7653 8412 6204 6153 220 2893 2709 3788 9246 7818 1064 9401 1363 8437 1661 8899 5759 4918 1541 2022 1640 2237 8588 2748 7640 6735 5192 1592 890 7032 7710 1844 7531 8593 9190 1862 6681 5233 7799 4584 6160 9591 2588 8602 4284 7949 1222 7627 5623 1232 7488 2153 8475 6874 6611 3733 460 7878 2670 7709
3004 1251 8239 2690 8512 8080 6932 8746 2644 2484 7128 1102 8552 2193 6399 2125 6713 5581 5804 6900 5596 3168 8493 878 7402 8016 2986 3359 1567 2803 3058 3359 2184 2892 4414 6165 6160 7918 8023 2124 5610 2349 2191 5219 5686 7447 4865 391 264 7675 1142 4083 4672 4418 8615 3574 4974 8822 4743 6277 1415 8650 1999 6149 3062 1965 2574 6933 9776 4189 2683 2348 9709 3455 54 7311 9467 5914 7425 2127 7224 195 281 9492 7084 4965 8948 7026 33 9202 5387 2655 4739 864 1933 2877 3656 9901 44 7046
6889 5495 2223 6647 6162 1990 246 982 7233 1365 2702 2934 6314 8260 2060 7120 7045 8898 1597 6174 9893 7583 7069 8597 1197 7140 1192 8598 7577 2912 1847 8435 1362 6851 2689 1434 6910 9701 6476 2475 214 6979 8447 7231 630 579 3450 3700 2644 9878 444 7936 4239 9759 9838 8319 6633 4323 8455 8918 9339 7509 349 370 4303 2452 9808 5972 5417 9522 9376 8999 5918 5589 6978 2826 2286 2909 5701 3203 7081 8220 4846 1067 4598 7554 34 1049 9828 4902 4748 5665 3640 994 3712 3143 263 4364 5297 444
3397 5169 3148 857 6627 883 3120 4450 1519 1325 9631 2854 1956 1005 2430 4343 2477 3683 8268 503 4127 3158 6677 9297 241 5412 5843 3423 6026 955 9216 9278 8738 7049 9945 4355 6990 9468 2485 2446 9638 6735 4946 4885 8673 6707 2946 1485 9804 9046 7141 7545 2241 1243 395 3042 2548 9774 3239 8270 7128 6859 2043 5726 8543 7652 2702 220 2069 7382 3891 6000 5245 1057 5619 2835 1085 2277 9036 9206 8481 6787 9265 3681 8751 7186 2883 1565 9402 6224 1837 5709 1760 239 9915 993 8586 3197 7258 7254
8170 4536 3426 4577 623 188 6021 2527 9412 3798 4288 5994 6126 2341 4414 8607 6415 1468 9796 7313 1709 9462 8367 2331 7446 6524 9562 3411 5449 5068 4655 8498 2640 1200 6633 3892 894 4603 901 7847 2575 692 2673 8833 3976 2342 7347 9738 480 361 3166 5102 6499 3881 1944 9285 4161 8455 7182 2704 8816 2276 9920 3453 4830 479 3292 6529 8450 346 3180 9552 5114 1219 7719 5626 7948 4895 5278 4601 2731 7644 2863 3692 4192 6447 4695 781 149 7834 7181 9390 3034 3407 3305 145 6545 1615 1410 5143
653 9087 1166 1058 4057 9359 757 9871 6834 9074 9851 3721 954 517 9888 8823 8513 9955 9319 3717 2775 2857 8401 315 6717 7378 4596 3084 1655 1245 3009 3234 9235 630 5632 6064 7997 3003 8593 4741 4462 7452 2214 1675 4016 4839 3001 7188 7567 6699 6423 4197 2335 4209 2837 6223 5481 6729 4979 9126 1339 2957 2018 8884 2918 5498 4337 3536 4083 126 2278 7618 1995 1410 1042 7529 3330 6556 2182 7289 8945 8986 3931 9337 8557 3084 6706 2378 7509 1381 8821 7022 376 6117 3376 7192 2076 5213 9480 7318
9950 8267 7791 8044 5880 9282 5029 9629 1057 6530 9066 2861 9364 3147 9223 8942 4235 5869 8806 4911 6387 5943 6193 1188 2774 4389 9278 8698 7903 5758 2234 2804 6576 4253 7048 5907 2706 8572 564 8694 2953 1735 7658 4577 6682 8151 8976 2987 4067 7917 5490 3086 3316 5252 2490 7924 7190 8753 9314 924 5120 8330 3933 143 3218 3565 8044 5223 8420 7624 2210 5027 4155 887 1003 1660 4763 1540 8665 1494 8033 9603 6165 307 4476 1802 4693 1050 7713 749 1342 3510 9246 5351 1338 7118 2192 1636 5838 2563
721 8244 8108 2962 5331 3414 4320 6329 2292 3497 7819 4249 6764 6191 3947 7848 1016 3910 2356 4061 295 63 4341 3290 2341 1554 4560 7786 1168 2160 7046 4299 2568 3504 3680 9817 9436 6881 3096 6039 8279 7708 3971 4779 8475 6498 1500 1027 5548 2468 356 797 9918 6261 4850 5740 4079 7138 5383 7876 455 234 8122 8629 6850 5577 6685 7514 6815 4187 2978 5469 5622 4339 1743 607 8557 4707 396 4741 7089 249 951 6823 4458 6103 6291 1581 9337 401 7745 3692 6767 615 6274 5478 4228 8125 9308 6604
4111 3834 226 8690 3982 5490 4263 6625 5685 9073 4795 2975 5391 7938 3454 8089 5633 2848 5526 652 6684 9363 352 5190 3317 2906 3842 2963 7883 1888 5583 5213 492 3788 79 9432 9329 2882 3967 5524 5444 2857 9014 117 7360 3878 9512 8065 6930 7022 629 7597 6459 5273 112 4722 3978 8415 4901 3641 408 1382 5052 9421 7754 4625 9991 2561 422 7903 8111 4326 3020 6593 7955 8747 8320 2037 199 8782 3835 5100 4222 4871 4046 4523 1791 3034 5307 215 7656 1151 3276 6874 4240 5194 122 8183 6530 3853
5367 977 7614 4101 2747 8541 1240 1935 3361 1411 2028 3095 1676 8853 9402 2364 5686 300 1847 2465 6750 7764 724 5483 6970 9223 746 3472 1013 4440 3225 9338 8637 2058 1960 8043 4446 6913 9071 3646 2766 226 1913 728 6488 677 1225 8753 6206 6605 6528 5020 5391 8389 9334 2889 5720 2485 7477 406 6304 1335 2745 3552 167 5398 8332 5463 7824 9215 1634 3973 1515 5771 1281 9111 1173 8822 883 8580 6594 7018 1167 1930 8148 8816 4684 9855 8196 8556 587 487 2687 9644 40 46 7933 7408 5045 681
46 7377 7917 7492 1832 2249 9390 6279 9861 5760 5182 3342 7249 5714 3439 1560 933 6106 9176 6602 6442 6494 5399 3548 3265 3404 6661 7851 3525 9445 529 5958 618 9587 1029 8513 1513 4361 4550 7640 5602 4145 9390 8638 4132 7297 3026 328 585 4202 8969 2406 7073 9204 7577 2249 5342 4018 2921 2583 6124 6686 8896 5552 189 2987 7192 7212 1139 1997 1563 7242 4546 7212 9136 6788 3397 1169 466 4085 8642 5576 6332 6015 3396 4807 1693 794 8428 8882 9426 8482 36 3779 8105 5112 1416 6529 4742 6494
2822 2008 8168 7749 7769 4736 9790 5672 938 6811 8410 6153 1163 4177 6563 1437 6249 8992 4534 1717 4822 459 6469 4334 5083 1300 7000 5385 6062 8388 9096 9907 9440 2377 3116 1262 7045 9202 9109 339 2126 1300 8950 9037 7137 3946 6683 4901 1968 2319 5709 7149 52 9844 959 7082 2790 9289 6214 48 2392 6907 4708 7771 8392 7500 5737 3613 4873 5190 2675 6009 5839 4991 1042 430 7943 2187 3662 7398 3871 2768 1651 1095 6480 3825 8131 6545 4503 8076 9780 7754 4901 3628 2942 7317 2554 2520 9062 9478
11 6721 7103 2709 2639 7452 9909 2664 7773 2125 7327 1016 1048 2278 4773 4675 8279 9220 7981 4506 3847 4734 8408 3189 1515 8459 4592 416 5149 8434 7842 8116 7946 9566 3332 2138 9491 2388 8538 997 3993 7364 9173 7496 9187 5425 495 874 9023 6578 6467 8250 7860 8056 8263 7322 3476 8990 5539 7748 9943 3093 8607 300 8332 5497 358 2718 5231 5017 6394 8521 1743 5820 735 4305 7103 5002 4181 9142 5473 9958 502 7405 815 5280 5550 9202 3972 1794 5572 129 4468 2539 5537 4538 7190 732 2949 9155
3613 5650 6712 8451 8365 9642 117 5978 4425 9500 4486 2275 5316 8648 1385 9434 259 1361 3023 8229 9925 3340 8166 9351 9363 7431 3310 5558 358 7909 8188 9354 1003 6632 9829 6084 2168 3757 8015 3758 5110 8141 9151 9258 8635 9413 8702 8630 1224 1438 7267 7324 1075 208 4110 2569 9728 6011 56 2736 1180 4524 963 9492 8347 9004 792 5021 6516 7929 9930 5354 8446 8470 5104 5020 3803 2135 1724 7682 8537 7480 9440 5055 7309 3377 6933 7504 3450 9107 1628 9898 7854 6559 6720 7487 7555 2395 7322 7878
2247 7226 4302 315 7646 4777 8728 90 1820 2453 5188 8211 4739 9786 7079 7018 4292 510 591 613 418 5192 1901 7892 8986 5758 402 8729 9767 3793 9356 6513 9872 8423 8751 7487 6151 2614 1020 2845 7731 719 32 7487 786 5118 4187 251 96 1816 361 7163 2963 9717 5321 9117 1409 3433 2990 6520 8934 6703 7993 5711 7224 5024 456 8316 50 9280 8506 2405 5992 3243 784 6216 8294 3937 4682 7320 3681 4738 479 6754 2329 8143 7908 5198 8984 7892 7380 1180 6491 5745 9272 4454 4377 3146 9808 602
9515 2914 7174 2165 81 6728 3098 9968 4272 1069 2097 5784 5833 9356 1188 8602 2581 2783 1148 7872 2704 9704 6159 8838 7613 9512 7067 906 5074 6778 9461 2827 7183 9067 2573 478 8343 2815 8573 4420 821 9260 1552 6011 2287 5370 9645 6129 1073 9925 9616 644 7382 2257 893 2267 8415 4125 449 6455 667 8704 519 9494 5059 8458 8820 1574 9564 177 2063 9356 1717 8199 7932 4397 2067 7606 6941 5125 2947 2156 3002 1763 424 1325 1856 999 8657 5359 9724 940 8711 2026 1535 1132 9383 4836 9313 9753
442 4890 2688 8474 7296 8923 3643 7566 4044 3846 859 6986 3673 453 2662 3832 4662 1867 3457 3494 3601 7269 3226 4582 2188 275 5023 8229 9214 899 4144 8819 7651 1107 104 3949 2836 8604 3036 3599 5456 8719 1656 3838 6088 3911 9771 6215 1535 3551 6008 8684 3072 466 7080 356 9397 9177 1340 8136 5413 1637 4970 2030 5739 4007 9109 8024 680 9069 7012 9148 6409 3648 5274 8369 4363 4443 4908 5761 3455 2563 6840 242 3768 4674 8029 900 1685 9609 1691 329 5376 843 2147 4727 5581 9515 6497 3063
8934 5439 1537 634 9698 4609 9963 4114 5836 1978 4467 5804 6447 8459 2578 4756 9786 9566 51 9116 464 4569 5413 7013 9531 7578 4471 3608 8003 4018 405 4536 7707 4418 5741 2345 3300 7064 6677 5975 3001 6309 313 6957 6299 3793 5849 206 3785 9930 3457 9811 2924 1887 7917 7784 8777 322 6161 5640 2764 2788 9733 9597 9187 1464 7099 5771 1062 8410 6532 5544 2697 8203 5571 427 6889 9894 9687 6014 1343 4182 6209 90 3085 9674 9372 6680 3487 6775 5492 8625 137 4380 6226 974 9622 9605 3470 4553
7669 1165 410 7343 1831 2995 5675 5740 4325 7971 303 7843 1279 2176 7409 6121 2873 9943 1279 8429 133 2479 8078 2195 931 5123 48 2148 3494 131 1550 46 1382 1580 2585 9547 2156 5726 2897 9306 5892 4535 7569 6282 7473 5276 5876 1518 3193 6446 835 3566 680 378 3793 604 8647 6676 1387 9981 5185 4668 5693 2579 5852 7411 3952 1255 8730 5609 4398 4058 8761 9883 8802 9492 5017 9847 8184 2162 700 4990 4129 4546 983 9525 9583 9807 1829 1835 7784 6211 2973 3099 613 278 1170 4046 1999 6017
4371 7679 7658 3638 9738 6963 1735 6561 7755 8409 8486 358 4257 905 4868 3814 8135 8341 1979 1380 3230 7988 9011 5389 1963 6396 9441 3856 8285 6203 9490 8333 2320 526 6444 9881 1794 4658 8532 514 5717 432 2746 2361 7843 5730 579 1578 6364 5926 508 8299 6536 5850 88 6018 6461 1426 233 7512 3441 2329 9893 6278 302 4731 5595 2205 3269 2644 2663 2188 997 2214 7640 8922 6404 2239 5717 5378 3 1274 2035 2247 6149 2292 141 2361 2888 265 847 9599 6547 1721 3850 9354 8154 5515 5723 2262
3127 8775 8564 7483 4865 3673 5206 7849 5730 8322 3960 3204 3170 3417 9441 4718 6365 9631 7725 5215 8066 4897 8803 8164 5994 8270 5331 403 7294 915 117 7724 4156 654 311 6550 197 9157 9881 4269 5117 7913 1230 267 3517 6932 7735 1445 2506 4682 871 5995 9522 4868 6771 1074 7534 8461 1409 8958 2986 615 9503 5818 4957 7922 8635 3748 1492 99 6579 1571 352 6728 5852 17 299 4482 6601 7015 4767 8217 287 6906 9315 9969 529 9629 4533 1545 8389 7293 1792 3550 7657 1655 8910 4076 2641 8777
7687 7487 3668 2167 8930 2934 763 6535 4167 95 1847 208 3721 1200 9727 4616 8070 2313 142 7735 5623 7417 2051 7595 6542 9583 7140 963 7596 1850 3851 8631 2034 9280 4703 346 6855 617 5505 8588 9082 9983 8259 6044 7437 7004 3797 2183 4205 2243 1532 1261 8659 1969 1208 8749 6992 8868 6024 7497 4286 8082 8335 8379 9612 5113 5217 6104 8562 8824 6314 3109 8063 7995 4649 823 1791 6352 7422 9346 3116 8265 379 9343 5934 310 835 6798 2072 4355 1154 5695 7460 8633 2713 543 3638 7498 5561 4447
2447 6379 875 5041 3530 686 8600 7719 6092 7922 3452 1979 6482 8025 4980 8546 2893 1191 514 4389 2874 2195 8812 4605 2150 1870 1517 8332 6270 4222 2743 3931 8025 1716 1574 2200 9368 9751 8147 5205 6990 1497 1865 2392 8570 6144 967 7862 5135 2057 3587 2841 4664 557 6916 188 5905 2543 9455 3391 8794 8358 9672 4881 1635 1837 1238 6350 5786 4010 4243 1254 8451 5795 7535 1559 9033 5706 9316 1893 3141 6047 2762 9054 8575 5659 360 2495 6242 8683 9076 709 6632 9722 5436 1392 5496 3960 7038 7846
8539 8676 6026 8639 3452 3354 1199 4378 7502 7119 5167 8233 9982 5178 456 3170 317 7360 3178 1440 9788 546 9940 5533 5783 7857 7313 6002 9016 3317 9955 9843 5006 2552 8879 1479 1151 2194 510 3235 7706 7759 576 5810 4000 8962 208 1417 89 6622 7140 3005 1154 1639 2775 9543 8521 9489 2164 805 4534 6502 7288 5930 6387 9026 2537 1074 6404 9326 9906 7778 506 6866 6627 7532 4759 7302 2565 7301 314 4856 9792 6471 4459 1275 1701 6484 3993 4971 7858 4182 7024 9105 5170 2919 5087 1037 760 269
5455 1495 9838 4423 1437 7083 1949 3443 691 8988 8088 2709 5654 5946 6698 1945 2453 5344 3537 2963 7509 683 7702 5896 9415 8566 7257 4151 798 3877 2805 9895 1624 3525 743 2717 4333 7659 9665 6897 2850 9007 2847 5269 2192 3239 61 4016 982 1517 419 7777 5719 9511 8776 5732 8981 3157 9635 6302 562 6321 8126 528 5156 7106 7913 3327 1664 3402 1208 9426 200 649 6349 9292 5679 7406 5667 5976 3924 3866 639 9584 2033 1932 318 9792 2761 9612 2268 2285 6516 3626 6413 7560 3787 3850 6445 9736
