19.33333 29.44444 35.22222 36.00000 42.77778 37.22222 49.33333 33.11111 27.22222 6.44444
32.66667 52.44444 58.88889 60.33333 61.11111 51.11111 62.00000 46.55556 40.88889 17.11111
43.11111 66.11111 62.77778 60.22222 59.33333 60.00000 60.77778 43.33333 34.33333 15.77778
42.77778 67.00000 58.66667 55.11111 50.44444 59.88889 54.55556 50.22222 48.11111 35.88889
47.66667 72.44444 62.66667 50.55556 45.22222 57.88889 57.33333 50.00000 52.00000 36.11111
44.33333 65.55556 59.11111 50.11111 43.44444 44.00000 43.44444 41.66667 47.11111 34.55556
40.11111 58.88889 63.55556 57.33333 47.55556 30.66667 25.55556 24.22222 29.66667 20.88889
28.11111 47.77778 54.44444 61.44444 49.88889 39.00000 22.00000 30.33333 31.33333 26.44444
18.77778 35.55556 48.44444 57.44444 50.55556 43.33333 34.77778 46.00000 51.11111 36.88889
12.44444 27.88889 32.88889 40.44444 33.33333 35.44444 31.88889 39.11111 43.55556 30.22222
