8142 6199 3863 2710 5018 3456 3576 2695 4844 591 3177 2673 2872 9617 4613 3724 4483 5492 6132 6347 55 3 1606 3040 9222 8967 2192 1209 7208 7828 4329 5073 5577 8449 9787 1524 7847 8112 3751 5799 2146 1347 7496 5043 6188 8794 1952 7917 804 7662 2599 7705 3933 1801 3522 768 4996 5441 7174 4157 3350 5640 1760 3778 7316 9200 3033 3167 9747 3114 409 6384 4566 1272 7429 2451 3866 9265 2304 3969 4645 4460 4454 342 1314 3003 3092 9899 9704 1768 8638 1376 3622 805 2468 9928 2951 9121 42 2070
64 2361 6154 2087 3040 2827 6069 4760 7239 3279 2824 4763 8789 9619 9891 5693 3404 3282 8005 8948 6408 2617 6337 8114 6665 5471 2795 4941 1880 349 8409 3822 8739 140 8531 1737 9337 2577 9490 8198 2038 7535 2321 431 5633 5601 1160 3059 4887 3212 1682 6254 6766 9621 1087 5190 168 1165 9509 2564 1670 9655 7016 5560 538 8770 8482 6499 2136 6614 1484 2570 1553 7646 4772 1100 4478 4958 1558 76 3295 4017 9186 5988 2230 1793 2854 1031 4087 5057 5395 2801 9166 5531 6207 233 1928 2161 9832 3848
8062 7879 5833 3682 4822 5493 3759 1221 7429 3892 3498 6620 9743 3327 9985 5151 5700 2363 3602 8342 4501 8889 4194 3652 6597 8009 232 4895 7850 1474 8084 1625 4918 7893 5476 9082 9771 645 9175 6628 428 273 9295 5992 1020 8852 1892 6572 1056 829 3856 4556 3063 3556 604 3747 7897 2404 1700 246 2080 2685 5131 8171 7819 4246 6054 5833 7414 3527 737 5128 9829 9361 5585 3532 4987 5130 6317 8848 2307 2722 9838 7562 9537 9065 2987 9760 7435 3054 8058 7050 5365 489 6226 7988 212 7007 6136 5944
111 3334 8618 7458 6343 3558 8362 124 1752 3632 2463 6449 8921 4317 873 1338 2459 8361 2979 9092 9839 1215 396 5830 9117 4152 7618 2176 5664 4357 7288 4669 2186 7252 1635 4400 7453 5172 6788 4754 6856 3575 4198 2864 4991 4333 777 6079 2773 2438 1152 6340 9397 3188 1042 8824 8770 6989 5706 5704 5451 5036 3712 7275 9857 665 8086 49 2538 9822 2884 3286 3767 369 5113 3955 9725 1985 4226 8854 1939 8557 406 1910 2829 3541 3288 5457 5361 1873 5196 4511 5558 7200 3322 3247 6037 7548 5625 4247
688 7047 2969 9520 680 8219 3012 6522 950 1151 3822 1543 779 7483 4542 2236 2402 8709 633 2029 8403 4544 298 9806 1390 7172 4471 4181 1129 9081 5748 4234 258 817 576 5039 7454 739 3165 268 3390 6674 4827 8544 867 8840 5171 864 447 8411 9364 5697 1153 9683 9418 4081 5797 2969 4233 6300 3642 6546 6582 8578 895 415 2527 3646 6798 6278 4692 9391 9211 1218 4043 4708 190 773 1846 8530 3244 9986 1185 7136 5434 706 666 3146 8650 9962 747 2268 4657 6129 9324 2050 5952 9165 5736 7765
7922 4967 4434 4406 4064 1584 4180 7540 4291 8071 6460 3028 267 5531 8116 8593 7651 6604 6672 1638 7333 4760 5418 1301 6216 4990 4267 6322 6446 2122 7141 5593 2461 2735 5137 177 1465 4552 4375 8227 7242 4311 8133 1478 5367 2170 5555 777 9972 1719 4001 9849 6357 2734 3357 9202 9357 4411 9336 6558 5803 4160 4403 7369 2013 9579 6964 3481 973 3129 9949 6003 662 8794 8062 2870 6201 1053 1940 7581 7843 8320 1282 8396 1394 3170 8451 4577 8385 1103 9251 2562 1420 5248 324 3219 814 5158 8306 2918
4001 1533 1277 3019 1452 973 1940 8856 6038 5382 6218 8252 2164 5048 6785 2964 1138 6529 5799 1512 646 841 2229 3122 5185 4518 4685 8395 645 4785 4141 4036 3628 1883 2904 990 7349 9767 2138 4498 3527 656 8106 721 2900 8564 5265 6685 5005 498 992 2236 1367 3806 4153 4015 3418 5425 8733 2222 7857 9022 3268 8519 9184 8643 6130 785 6669 5482 3698 6410 1569 7411 1659 509 1670 5903 6963 6002 754 4360 4097 7124 1250 6382 9029 7342 5846 6204 545 8341 5899 3936 6498 5207 4874 7428 8155 19
5498 936 4973 6312 7941 5718 3417 2859 5178 4557 5599 5257 3262 2523 5108 4248 4282 4763 3963 9386 6420 1824 6198 7366 5905 1970 4433 620 7377 8123 152 6774 2764 3302 8734 7485 3251 8775 5777 1026 267 4183 321 4872 4458 4127 1617 5997 3514 5861 3837 2557 3827 6326 7625 8759 2699 8598 3912 1509 6044 455 7721 6883 855 9046 9584 7648 3224 3451 2827 6807 3178 8492 2262 2344 3866 98 673 9682 5009 3767 6624 9414 1518 8780 1073 3144 1826 2832 8119 652 1948 4498 8965 3514 6183 1093 6134 9926
6294 9542 7843 2006 4302 1014 2676 6135 8797 1186 9392 895 769 4424 9685 3975 5380 7767 4089 5310 5176 4571 5620 1208 4332 9779 508 6785 5052 269 9328 6025 9049 6393 3295 8397 2857 5685 6802 3942 7652 6848 6973 626 6869 5141 2321 7172 8815 9351 6512 1332 8537 2020 7613 119 4261 2504 4226 5468 4505 9736 7673 4551 7754 6019 4568 1977 9436 3171 2093 9857 9866 3391 9054 6467 5329 6281 3803 7583 207 8538 5861 5483 8815 7551 820 6803 4230 3964 6035 8295 8057 5369 8491 8712 3006 6427 2664 4056
3238 7112 8251 2311 5698 5985 5593 6661 9618 7108 6105 818 8804 1957 3884 1889 4160 7778 7693 8245 1637 9821 2161 3176 9422 1917 5897 7238 1463 9136 3605 7419 2847 6069 3082 3931 4346 2251 394 5942 569 8163 2068 5811 3874 4470 5120 4163 4830 9151 1085 4196 6991 2520 5643 5311 2580 7325 4503 8113 1050 8486 7058 2669 905 9914 436 7501 1405 2375 5894 4222 7799 1700 6276 3742 4441 7931 8986 5441 3485 3855 5284 8759 2669 8007 5421 3816 9430 8259 1359 7743 5881 761 7213 413 1544 3127 178 2869
3358 3546 971 9609 3881 4609 1260 5489 4739 1696 7762 3030 9181 8155 1977 1545 7407 8199 5190 6060 8859 6651 405 3874 2414 5863 1482 6024 7604 9806 4454 4214 9541 3947 4862 5935 2019 363 7689 559 5771 6664 8154 1215 4365 6628 2743 6917 770 6990 6333 4540 3797 7015 7478 8524 6762 8095 3001 4019 837 4199 6537 6390 8355 4638 5705 1177 2633 1759 2767 6599 403 8667 270 5404 646 1292 3958 7386 3194 208 3656 2060 4878 1518 6981 9027 3891 4125 373 5948 8578 9682 7247 1404 2772 411 1472 333
545 9663 9111 9913 6732 652 3469 4730 4363 460 939 7202 9268 3341 2016 1005 363 2255 3101 5996 3931 4406 1655 8759 1027 392 9779 2694 3090 6092 7885 9555 371 5591 120 757 8783 8997 9356 2192 2113 838 1993 143 4506 7073 3662 684 4796 5653 2039 5457 7057 5469 4862 8860 9612 7367 1372 3313 3125 3285 8620 6339 5403 820 7155 1969 7085 7004 7932 2731 8094 6719 5207 3617 9716 5647 6883 5152 4872 8954 7102 8875 149 2349 5590 9776 1726 6310 6626 9335 9317 662 3537 156 2345 3084 477 1286
1543 7503 4279 9351 1751 4440 9136 624 4540 3503 8916 8776 539 2844 9105 6273 3026 9048 4308 1968 6602 4009 3277 445 8457 5803 1824 8696 430 1427 3247 7345 5264 7546 9446 3554 8875 9531 9116 6168 9697 2354 7500 234 5455 4138 9765 8128 940 1098 177 3828 2801 9222 9524 6980 8532 1315 2137 1640 813 2108 4081 4076 3721 9576 7506 6185 695 490 2446 3652 5761 7655 5853 2739 4511 8988 1562 2554 2702 3620 9949 7453 141 85 7249 6205 176 6359 5350 5640 4770 2366 7892 2174 4146 3253 1556 2910
7650 9192 2492 4412 9595 5395 2450 6715 7398 7215 320 284 4967 4249 697 1196 1128 8913 4985 6504 1075 1427 4748 7651 4074 6734 7157 6093 1139 381 9512 3135 5662 4811 5202 5490 8106 7837 7925 1729 8219 9219 6261 7940 7050 8486 4190 5099 8300 5230 2211 8851 6382 6508 5370 8744 9790 230 6744 1857 8762 3480 8758 2869 185 9706 4452 6423 2623 3450 3846 4516 9791 7753 1120 4521 3051 7533 7048 8232 8807 9150 8347 69 2355 6417 6936 7308 3065 1439 1240 7413 6539 6964 8931 4119 9559 1982 927 6152
5046 7164 6725 2222 2725 544 463 1642 2532 413 325 7509 6456 5540 5187 938 8381 8644 9391 5142 4947 9343 8006 2462 3396 5927 9616 5688 7912 6203 504 9411 2488 3190 9883 3433 235 7276 9721 3389 5792 8635 6097 5768 7280 5605 748 4779 5615 3404 7761 7080 6524 3693 682 8849 8660 1928 4569 5540 1511 986 7862 8891 3559 7233 7954 3771 3293 6262 4085 6735 1700 8850 9076 9901 7928 6589 3283 1352 3148 1050 5090 181 3113 1084 5178 1567 2733 3245 2372 524 2140 5889 5386 2024 8669 9689 5929 4110
8136 5529 8133 6989 36 1139 1321 8514 2613 6945 6093 2463 857 902 2638 9687 7908 8579 1363 8481 4967 7257 3408 6270 5078 3358 7586 202 2785 7030 444 5961 8414 5593 7782 9624 4869 3163 6022 6754 7863 7047 1356 312 7450 236 4811 5813 6846 3919 8917 6954 8856 2905 4715 3244 5378 1327 7825 3589 8971 8235 6009 92 8306 9440 4878 4452 6647 2614 7891 3852 9194 1570 6604 7441 2464 1681 8136 8438 1362 2852 7609 242 4862 8794 7570 9718 6380 5010 6829 9117 5967 3099 5362 165 3415 1917 8529 8846
9582 6700 1276 7113 876 3861 8284 1736 9327 3873 8787 9726 6532 8501 4895 1910 7501 6076 4068 9481 226 9755 3577 5760 6413 5648 4288 395 6731 2520 7593 7344 2410 9758 2869 9547 8514 6805 3407 4210 5532 2840 7975 8714 1395 3026 8040 6112 5210 5274 6499 2943 9753 6734 8538 7167 9598 4195 189 9856 8514 857 2588 5907 4175 8485 7599 6875 7410 4307 3836 7447 740 9410 7243 9312 207 4047 8530 65 9898 8207 9796 6170 252 7813 3233 5519 7371 5060 6239 3601 3274 5561 2216 8257 7521 4230 4703 9480
2776 4722 6579 9122 8205 111 7935 2309 8377 6199 773 548 2275 9674 8832 3086 5066 8143 1758 3797 5471 4757 2734 190 5671 985 4274 1588 6258 9643 9306 3285 8904 2026 3261 9488 8984 5398 1940 8840 1541 6294 7283 1822 7808 4218 2344 9149 2716 6661 581 947 6962 8793 1304 7393 2199 9623 8480 1805 197 6952 5197 1102 9232 5480 3833 9325 1297 411 5893 2395 2623 4004 3932 4093 2569 3168 5048 2566 5111 4450 5137 6645 3516 5647 4416 5286 7860 6173 6440 9055 4522 7247 5062 962 6752 5267 9370 3523
8421 9180 9036 7375 8158 483 988 6224 5521 6916 6664 4155 1248 9660 5879 6415 3020 8332 8118 1173 2586 8735 6819 5824 8608 8081 9933 8204 2404 3275 2245 7062 667 9595 4425 7774 6031 4068 3895 7084 8381 4543 4456 2885 3592 2488 379 214 6250 3484 5209 6493 1669 1074 4330 8821 3061 4197 4032 5770 9076 199 748 3210 3586 6349 9020 6182 9534 1916 900 9852 3271 3250 1844 8157 3684 6716 3035 3469 4445 3991 9131 3347 5790 4245 3639 3732 7747 3137 6976 8409 1100 7291 763 9326 9883 876 2904 4091
8435 5447 2009 2460 3346 424 8057 9608 6214 298 9526 5310 6720 8431 4980 2833 1457 869 4187 2541 1096 239 1323 9914 316 6101 4484 2829 3026 3345 1181 8322 7819 916 5203 2719 687 8713 6919 3262 6080 6383 191 9766 9355 9676 8767 3135 1155 910 9443 8186 7251 3091 5713 5487 812 4134 5851 6727 8055 5024 5506 1209 5545 4972 7853 4044 6563 2959 2224 6258 9640 9922 6524 695 905 9156 1242 7306 1967 5209 5685 772 664 2397 5725 7352 426 5032 780 6133 4505 960 4777 2676 8525 794 2590 6834
7737 2034 6950 5388 1810 3401 6101 1872 1938 2588 7857 5395 7643 4018 4556 1947 9683 6885 7498 14 590 9242 1259 8714 1874 5326 7358 9853 7067 7537 8844 2506 9404 1905 4264 8980 2901 8245 7371 2977 6060 1196 5292 5123 5817 5784 5371 4759 9662 461 4908 5224 2982 1842 551 1948 9132 7119 6123 6017 4487 2159 1042 7757 5663 335 5681 4978 5251 7356 7883 3025 8639 8431 9170 6062 4432 3259 9693 2512 4818 5494 8636 8417 899 4942 1224 2355 7531 8860 564 3394 7469 6960 3396 1778 3442 8231 3608 2269
3015 5577 652 4717 3924 1382 6824 3573 9908 6870 6733 3874 2469 7766 9746 6355 505 1768 8895 5123 4187 2329 3354 5524 9477 8888 7122 6576 5727 4046 5514 4713 1134 1104 545 739 6103 2470 7866 9981 6923 4980 5014 9911 5395 406 2963 5891 4185 4695 9691 919 4868 485 8890 9815 8596 564 164 1543 7423 1683 1579 3932 9132 7870 7540 9467 4679 3816 1261 9445 8236 8260 5370 2000 2603 3372 9720 722 3740 2641 3621 7804 9956 1861 1218 2218 8550 62 5970 1447 3997 8748 7376 5872 7440 8229 9113 1949
2988 7176 802 2991 2906 3831 9192 4057 1305 8780 6789 3454 8739 7751 2827 6683 1752 2844 4293 1982 2699 6622 2720 728 3559 9439 4993 1179 2431 4637 9778 8761 4217 2850 1198 1101 1108 848 555 982 578 3395 684 5563 9124 4521 5580 4764 9135 4123 7833 8969 5554 7944 4374 6400 6429 7670 5805 9014 6193 2882 8562 810 7095 8877 4654 1537 9170 3106 9562 4079 1092 4575 7802 8318 4162 7002 7983 4279 5612 4769 748 580 7360 8644 9973 9223 5466 7950 1458 1527 5647 713 1173 289 1788 809 7202 6422
7453 9460 6157 2802 2951 9243 9120 9410 3820 8101 5671 3920 1399 2286 5924 2766 4235 444 5437 4375 4589 7702 9967 4696 3987 1563 2051 4407 8421 715 7058 3521 8772 3141 5406 6702 7984 9619 4044 8632 3177 1421 5498 9509 7608 7374 2109 4796 88 5863 6844 3316 7012 4769 8510 7310 7620 4419 6914 3951 9086 6523 2343 4312 8479 8791 7682 1632 4903 6644 9059 1645 8435 687 5677 1168 4924 9193 9072 7123 3877 9360 6605 3149 7691 1109 4661 9502 6272 6687 611 6645 2274 7196 3156 2074 9851 8650 5010 9444
5931 6447 2466 4564 1627 2430 3943 4623 4490 8282 5299 5787 6925 1080 2569 673 5430 5255 1318 8340 4641 360 2995 304 4798 8137 9559 1724 6349 805 6848 358 7878 2189 3024 2719 1684 8801 3669 6605 9690 5653 2118 7085 635 9126 7376 3846 9663 5055 3447 6770 2504 3409 373 1126 3831 3675 7256 1474 9648 8022 8373 4626 1988 7712 6112 3264 3452 9940 7322 600 6853 8238 8991 7866 3945 6266 7014 5690 511 5861 2363 2324 1212 7651 2635 8758 6087 5461 114 2600 1869 3664 5780 5708 1327 2475 5375 6512
7702 4401 5771 4109 774 2401 8370 2523 6571 6781 6269 3680 2086 2653 2274 539 3482 7829 7951 4959 5495 2843 3616 4693 4642 3412 2306 2365 5703 9541 9624 9571 9068 5542 3053 5312 6329 3944 3167 7064 3407 7728 9604 6325 5549 8752 6770 784 9124 6940 4989 5143 4408 674 5074 9655 3683 1100 1591 7227 8607 2558 2326 9822 4035 1512 1694 6718 8480 6546 8067 1577 2713 4801 1849 4201 3632 1901 6352 5620 6611 2781 7297 314 6729 3537 7889 4480 7817 2388 934 7910 1112 6982 2665 1346 8433 9826 3685 7711
7777 1428 4311 1518 1727 4248 8767 4677 9909 6928 4057 9788 364 2690 6361 8078 6234 6325 9708 4539 3341 4729 8329 8997 1250 3824 2787 6936 3111 1387 4290 7585 5670 3593 9916 8204 2164 7848 5688 3419 1364 8732 6944 2317 4701 4720 4683 8984 193 6339 7412 6677 6572 1362 445 2836 6944 8650 3239 6855 3235 9325 6252 8047 6357 3528 2196 9743 9203 5075 4349 1163 1241 5757 6839 9006 4861 3579 6329 7651 6913 2679 3173 3069 3475 1696 7681 3962 7405 28 4088 2978 4066 4196 2243 7806 8791 3077 156 6218
9668 7296 126 9482 8601 1321 4084 1605 6866 1511 7310 9311 2211 8831 3750 7598 7656 1009 3678 1071 2354 3413 4080 2979 3415 8972 3463 2715 4194 9796 576 2651 6214 7233 2063 869 4140 3659 9915 2008 9148 5333 4911 8849 9771 2981 9577 1866 1525 8285 5308 39 4499 2211 281 3526 1065 1306 389 7013 4001 7293 794 5133 3476 1578 673 1273 3515 6509 2632 2975 7732 5630 2158 2442 2530 2390 1852 6957 2670 1480 7955 862 6345 8158 1802 362 7582 696 6237 7288 2729 2388 2784 4010 5466 5430 6147 7725
1920 6404 2538 4399 8079 97 8637 1549 3440 5670 2759 4228 2618 241 1457 4254 50 9202 9269 6157 6198 9558 8907 4385 2777 8648 1289 1116 3054 8930 1973 2127 5386 1271 6919 9420 3518 4918 6298 6043 5685 5645 7031 9596 9794 2460 6766 892 7654 6966 5515 7780 5875 4063 7445 5210 9450 2423 7689 9032 5741 4428 4032 8843 3404 6577 7431 8480 6588 8817 7855 177 3210 2549 993 1983 8397 3210 3726 3943 6336 6468 7437 2231 6925 9449 9493 9431 4754 5150 1261 6179 990 112 9950 4731 822 7644 3473 1882
7799 7946 6263 2441 2559 3402 5816 344 1813 5180 4370 955 138 6982 1262 6198 5934 7 3861 5470 3776 9320 4693 22 7890 876 1152 9500 9935 1691 1984 9834 2984 7005 3561 1075 7768 3214 9202 6733 6589 666 6684 7829 4096 846 9817 2759 4725 6730 2515 3079 8126 1567 6648 7801 7307 3464 4236 8374 2534 9165 7357 7928 6404 1501 8880 5165 3569 1467 7910 6149 8200 2451 5861 1415 3620 6390 7873 6814 8731 1481 8823 4612 3624 8551 1857 1924 2458 6301 4876 8639 7377 6918 3835 69 7294 4420 3409 6897
1127 4461 7888 7383 5458 3714 3627 9156 1556 8338 735 4111 4061 7116 8732 3125 1599 1335 4073 7474 4207 2387 5214 7780 2336 6701 1184 212 8248 4256 7622 507 3660 1821 4190 4632 3295 8326 3051 8880 3592 5887 6608 3299 8717 575 5093 6850 6306 5986 4159 8921 9528 3663 2631 8203 7051 9860 4172 3694 7825 2937 154 367 9591 4997 4561 9312 5535 7194 1 7544 1362 9561 5700 2251 4533 7418 6033 5974 1838 8298 9033 620 7789 771 9901 4735 4315 7351 9620 2457 9713 8854 8521 5315 7951 8085 2401 9161
9550 8139 9542 4470 4141 6646 5482 5380 2911 9251 2240 5527 8107 8954 6204 9174 6582 1045 1409 9320 2311 5444 6285 9231 5760 9348 6527 1172 7465 410 6149 2629 1044 7458 9401 5533 2678 9040 5452 7762 6194 5021 5826 3958 8914 2589 4992 800 925 7563 1456 2513 8239 3270 4692 8239 7338 9711 3230 177 6138 9871 1466 8837 5429 9572 3019 7047 2270 6640 3277 832 8726 4962 4876 8769 7442 7629 3490 4380 5556 3927 8351 4309 2998 190 5594 5346 6511 2023 3079 6923 9148 6557 3603 9018 2571 1604 4190 1145
9250 5755 4009 6144 6571 2053 5305 4295 3965 8981 1999 6821 1102 8442 3386 7743 999 89 6450 5191 1706 7945 8419 5330 2258 8925 6269 7171 1172 6305 9581 5729 2521 7643 1260 1054 3485 3590 9401 8584 7948 7297 912 8750 3753 6224 648 908 1446 2298 6767 6134 7694 5662 5914 5103 267 5863 1949 458 3298 1043 6032 1576 6273 2926 16 2236 6110 3956 540 7995 9467 6796 603 5984 4426 911 417 5643 3848 4900 4464 8319 5367 7971 9882 4139 7372 3429 9109 6153 2253 720 5517 3903 5878 4208 6150 6871
527 1760 2260 9289 3668 8859 9768 3839 6017 3339 819 2977 8370 5413 7041 9822 1989 9468 8266 6097 3845 1099 142 701 9280 8703 6287 6077 4647 3010 3621 8396 3577 5080 827 9320 6137 9150 3138 2492 6361 8104 6050 8967 5109 7147 5557 4258 7290 5239 5867 6470 4799 1025 5395 3207 7487 9323 9975 7429 3462 7857 4636 1996 9638 7703 5781 8113 1231 7084 6172 7830 2372 7357 2632 7443 1063 9941 2982 8769 5499 6371 3354 8158 7965 6805 4076 3732 1674 1670 9959 9276 5222 8919 674 6089 6088 5942 8708 5762
5443 1405 6956 872 9490 9353 6107 960 7805 9329 5545 8771 7998 586 5278 5510 6920 2516 9141 6135 3823 8685 7175 7005 5389 5431 8629 13 7646 8077 3829 9742 2052 1381 8922 6857 869 8963 1250 4424 4857 2800 1603 2206 7574 6848 3131 6380 9910 3740 511 1554 862 3115 2513 7349 4496 5972 6395 4477 9913 2247 4442 9109 3707 3264 5884 2649 5577 5793 1016 2030 9237 9919 3224 6163 6424 1811 1817 5150 5172 9656 1056 7370 4216 7821 9444 5204 2870 1130 2008 3587 5631 4018 1594 8550 411 563 1229 420
2635 9083 3547 4271 5119 2905 1966 5345 8152 5830 5050 3819 2897 5917 1735 8366 8349 4754 193 1757 8348 5156 5652 9949 1793 7540 9065 7172 1282 9183 5356 762 2077 1213 4303 7709 2892 8277 414 2141 2307 7826 8473 7611 5838 3883 7677 3853 371 2852 971 6589 3085 7359 9501 8957 7096 3633 3323 7329 4593 377 1523 4183 4920 1646 234 2736 2558 7768 530 5594 6313 216 1533 7193 3745 4614 7585 7787 342 9250 8555 3101 9592 5635 478 6530 3989 1814 360 8185 9263 3324 554 948 554 7072 2997 1289
4047 5886 8962 6001 7326 7524 4593 7194 5762 7346 579 4301 3110 6578 2142 1383 743 7124 1123 131 9695 1162 3892 8313 2165 4107 6164 7734 532 726 5160 1315 8861 8788 1561 9722 1848 8048 9557 7216 5981 991 5600 8456 6042 1139 8618 507 806 7845 3744 4580 5496 353 7053 6336 5708 5646 8523 2917 7902 8186 7803 9570 7488 6279 3129 5635 4000 3697 1099 7969 9306 4618 9085 8694 7662 5451 6280 2996 8009 8374 8618 8464 4827 1060 6459 460 4041 4071 3984 2478 9438 4728 5113 97 5513 5612 114 8174
1567 2189 6190 2421 1628 2001 3082 953 8018 4638 891 4828 6712 1975 9453 3203 5386 1764 4610 9722 1542 9220 3598 8937 8159 5862 1939 5302 8528 9979 3187 6826 7612 7435 421 7574 4702 1268 1628 7781 9282 2185 5934 664 8418 2040 1256 4074 1407 4575 6432 3571 8464 4089 6135 6866 6661 9052 8917 1258 5434 9380 6071 4357 6758 9703 4946 519 3314 331 787 832 5646 8266 8002 2737 5678 2176 3585 8201 1391 3610 1138 4708 6551 1540 828 2881 8808 2237 9609 439 7348 8545 2023 2812 9937 8944 166 2975
1329 1942 6218 9604 8675 7423 910 8320 8248 8958 1250 7360 9674 444 1428 411 3149 7253 723 4579 8985 4172 1696 9307 6351 6654 3506 7701 8998 3320 2758 5321 658 9152 3981 9403 2355 9467 1905 9470 6242 6514 4973 9587 2212 4373 5230 7480 3159 3699 6880 6716 8350 5233 6685 4607 7444 9367 924 2672 5293 7736 494 7728 4906 4228 210 4664 4258 3904 3301 7099 8195 5375 3373 985 9258 1838 3249 8729 2153 7519 8558 4665 7410 239 274 1411 3717 4780 2038 8764 3255 2724 27 5431 9330 189 2108 5751
1412 4783 8859 4738 4081 8883 5876 8244 1841 7616 7452 4060 5316 7615 1573 4266 7148 2739 49 2518 511 9977 2142 5077 4596 4353 2443 7183 3 4426 5483 2641 9997 5751 1553 463 840 1371 9925 4555 8693 7560 8516 831 1970 4273 7598 5874 197 6114 7493 7527 6068 1936 7791 2074 1411 3155 9737 9734 2243 3348 7502 4445 4909 2124 8501 4725 2584 8481 7055 1817 3518 5684 3323 1043 252 5888 8559 308 837 9032 6348 6550 7743 1860 4557 3926 5623 6869 3047 1661 4279 3851 6180 4201 8997 3939 2156 2104
797 4592 5195 6046 10000 2808 9884 5891 1505 9607 5657 2975 2635 2768 1674 6663 5889 2773 3175 8768 6592 7791 8532 1696 2053 3538 6444 1537 6644 5071 50 8672 8882 5178 6279 2429 439 3000 3999 2308 8198 4610 499 4647 8357 3281 8924 8184 9003 8503 893 4777 9983 6712 1575 9908 1442 9691 9830 3341 6152 9266 8551 8011 1276 4602 7718 2905 3268 6909 7772 6928 1486 8614 2984 2184 9586 1736 5215 6681 231 9577 5622 6735 8133 4222 9034 466 2118 1315 9047 7964 2413 2775 8736 324 2374 1034 2787 9742
6107 4429 63 6344 805 5594 503 7718 7383 2621 4857 4943 5514 344 9126 4324 6228 7919 7239 925 1109 9192 3595 7647 8977 7929 3912 3616 3028 315 8646 3573 4966 7048 3433 7855 5761 6705 1431 3084 4159 7034 5368 7737 4192 5882 5353 8137 1724 6183 3361 2146 6686 7111 3318 5387 2096 833 634 4948 4641 9278 5170 8246 1935 877 782 2703 5065 3295 6883 2690 8431 7712 7886 6239 6110 6916 6339 5849 6230 1262 6311 2885 4929 3159 7248 667 7483 6265 4049 7103 3731 3957 5052 316 5001 9488 6387 5975
6300 4921 3735 1226 4067 5637 6495 9089 5026 9325 5454 6779 134 1837 116 6374 7071 941 8575 35 7191 7450 7005 7231 2190 4006 5858 7131 3914 5227 1744 1825 5760 7049 4887 1699 6402 2720 585 8651 7527 9161 1563 2802 3621 3613 7640 5404 9339 6375 1670 2055 8227 8364 3588 1438 8039 6236 1838 6749 8726 7067 2733 606 8306 275 6291 623 6402 6637 8532 6996 6846 2680 8671 2343 267 8106 7862 8542 2926 8612 6279 66 3747 1801 7048 9092 5202 3692 6642 2425 4178 8469 9362 5758 6363 9369 7521 415
8053 4346 7589 1301 5 6172 5538 7587 1813 1186 5479 3001 5909 4196 2623 1168 1099 9549 4603 5442 5907 7171 896 6930 9936 5027 1296 6401 3603 4548 4131 5123 689 9355 7516 2650 2585 9991 2891 3469 3951 9778 5397 6127 3009 5354 4206 5621 2922 5809 4269 244 1380 3257 2725 3161 4955 3141 8684 3905 3390 4910 1005 6845 5728 1104 7243 3019 435 7151 2540 9448 366 8479 1957 9319 6031 7336 6915 8039 5 5068 7173 2225 4082 4524 9817 1631 7615 1904 4804 5049 6151 42 3267 7070 3205 9183 992 7703
2846 1410 9080 8354 1054 6098 7021 1601 1105 3107 5300 3574 9966 8963 4998 5137 374 4201 8593 7414 555 8391 8008 7670 5325 188 7002 4202 6887 3398 7316 9538 5192 6049 44 7278 6559 4100 7727 7604 2322 8380 2634 2780 2738 8574 1486 8878 1909 7284 8797 46 7826 5864 7840 2369 6253 552 134 7967 439 4979 9799 607 8670 4012 4261 1929 2725 1177 8153 4152 8233 4756 3479 4559 8700 2551 200 3089 4843 44 1431 9668 4898 5344 7596 2134 9381 8915 168 1975 7058 60 7601 3303 6064 2364 7364 7613
3911 894 8391 1049 7352 222 9042 7467 406 5574 3722 5241 4213 9256 780 5189 7166 7179 2891 4030 585 5469 4269 5329 6139 7774 9251 5950 5318 7544 3058 3256 1705 5981 3082 133 1106 2583 8488 8556 4973 7170 8725 1541 8864 6593 3632 9260 436 5679 8714 3859 1232 3513 3228 4818 7912 7677 5549 1154 9740 2155 2048 91 1996 5655 4174 9487 8505 7718 966 9380 9444 1067 834 3859 2284 5075 5518 9584 9626 6635 917 5806 711 1489 382 5174 7808 6442 5675 7405 529 2544 1743 9448 6580 106 8087 1815
2594 6906 3435 4735 6281 2610 2182 6570 8844 6542 3373 8482 6418 8251 4954 8074 9977 8317 9947 1493 2749 6901 8667 8822 6341 5449 9220 7406 382 7065 4847 9651 3908 6556 9474 9907 4146 586 5389 9779 856 573 5278 5154 7765 9947 6871 7812 1991 9409 7043 2627 3042 9339 6348 7872 8752 8162 9541 6587 9040 7926 3224 3852 3956 1302 4810 4734 3096 6214 6472 9808 3831 2075 5123 6986 1436 1345 6921 8988 2529 4124 7739 8876 8130 8514 4109 8038 8051 9926 300 7295 3301 7408 4282 8380 7295 6881 8150 8042
956 7976 6495 8689 8789 7190 8578 51 8843 2097 8126 4971 6734 7696 3805 8295 7132 2586 628 6188 937 3213 963 1162 3054 5723 5777 2989 1520 3974 58 9575 3606 7417 3565 2074 9139 3804 7561 4837 6831 8843 3789 4152 8840 1921 3921 7673 5844 6532 6988 2998 3149 3170 9797 8114 5622 3839 6558 9657 5046 6158 2053 777 6195 522 7885 7938 5352 3880 2909 9001 5495 4099 7190 1038 1836 5133 2704 5217 8424 6114 7523 6274 3183 9641 1142 3102 5910 2189 7227 1418 4364 4460 4863 3056 2446 904 2279 2081
8630 8862 8692 1088 687 4031 2156 812 4954 6187 869 776 3617 2392 7858 23 7816 9356 5427 7114 9576 1390 3895 1063 6920 9220 7171 703 5559 7362 6012 419 9944 5847 5511 2944 2854 17 1319 7809 3155 7132 96 1213 683 9235 9364 5036 8819 7714 8863 402 8336 9784 2645 7619 4647 1723 6022 2799 9704 4538 6842 1088 1559 54 6812 2740 2843 751 9543 278 4079 2740 8177 3013 9920 8049 6347 1817 6806 8975 4565 3049 4724 7891 8649 3616 1474 1641 5993 6372 9360 8489 7663 7487 5160 1236 896 1365
911 8349 5530 4849 769 1147 4861 4577 4625 3451 3038 7755 631 7530 9421 5423 371 5106 8706 3002 8037 5146 1325 1049 3946 5707 1301 7680 3386 2109 2550 9995 1807 7499 2140 4263 8188 6417 614 2189 7501 2311 152 9851 3392 1944 3173 6241 9240 9943 855 3516 2316 3774 5408 8726 2880 7522 4291 1648 9136 5678 952 6079 9805 4914 8361 9361 2525 1671 8235 8427 6015 2661 1187 8706 13 6426 3793 1710 401 9545 9906 4732 427 1796 796 7969 1998 5758 5415 4771 7462 51 1618 4659 7085 2215 5078 2443
8527 7786 3020 2526 4356 1147 6920 8178 2507 8483 7361 6677 9710 2687 4339 7966 1152 3403 6384 5275 5794 2382 2246 6757 9475 2013 8584 4236 7309 1022 3815 2719 1928 6245 4730 8886 3762 1890 9146 5420 3210 3015 1306 278 893 1820 4373 5299 5451 723 7399 7679 1965 4968 4413 4673 2925 5715 5179 3355 6269 623 2997 5090 8356 7039 487 4655 746 7906 95 120 9079 8391 5413 4891 9589 3871 6690 3033 7643 7351 7540 8293 1435 6330 5876 4924 1565 4803 7532 1782 6839 8802 2911 6282 4589 1951 4632 3306
7864 9248 757 6935 3334 4282 8184 8746 5166 6919 9889 1477 8250 9617 2658 9691 1179 3322 9293 4495 6430 5166 4543 4032 512 5109 5244 2970 1576 2166 1854 5139 9568 3215 7774 8123 482 3500 1106 6831 7501 8717 6487 1292 8208 1119 5029 1471 4968 1435 1607 7573 4123 302 6495 5805 5122 991 7107 3236 9909 9461 1637 1162 9999 8026 845 5924 2055 5425 9557 5194 8181 2701 432 2342 7935 5754 2229 1555 2365 9267 1756 4013 1716 5939 4105 2422 5073 8281 6252 3771 3132 1674 4049 7730 6517 9724 4109 2854
1547 9123 923 985 2808 1976 1418 6286 5220 6088 8303 225 3282 2668 3501 6183 4155 792 9670 5357 3225 3132 5899 922 3432 3205 459 3285 5984 6434 1325 7675 186 9961 93 9050 2145 5364 2317 6522 6182 5205 269 6829 2248 4202 8391 623 8458 9673 8498 6923 9998 8854 9689 302 7242 2020 3421 8507 5818 6606 1919 9546 4908 1009 1116 6559 9869 8443 2939 3720 2796 5933 580 3175 3754 1853 237 1676 3582 3213 7361 6101 205 2123 8547 260 4413 3591 470 2438 5817 4594 5086 5722 8782 3644 7436 7141
2229 1024 7547 5026 5367 235 529 1682 8890 2013 7962 7953 2090 7919 6461 2704 8726 3572 5059 4321 1878 2180 3890 5536 9270 5998 1377 6578 2270 8162 4755 5984 2945 8067 6991 2516 138 447 1534 37 8492 9482 3210 114 6534 7047 5366 8481 2931 5188 6834 4347 9848 3853 3976 1554 1288 3169 1040 9144 903 5729 8544 5941 8539 258 6347 4626 9588 3110 189 1044 9455 4389 7198 135 2097 1639 6186 9120 1111 701 4142 3907 2304 6251 4341 4639 6588 8603 7338 3281 3522 1998 8350 9118 7875 326 3506 3488
6183 6905 3443 930 1041 556 6691 4220 2350 1746 6019 5215 9940 7303 1400 4429 8003 7810 4296 228 1156 1645 6917 2107 9157 560 4936 8688 8368 1955 9137 5450 6175 9102 1164 4167 8391 3645 1421 2965 6480 7392 5083 3857 1822 6410 2143 6690 6210 649 7387 3381 3339 4963 4129 9403 7932 4261 1701 8965 9274 1001 4449 7925 8642 6785 3659 7507 3054 8251 5047 6389 2329 769 4748 5088 4095 8125 9786 1459 8635 6119 3470 3819 3924 1922 7303 8263 3974 9400 6503 6510 1354 6746 8025 2241 5641 7182 9519 7995
5511 7114 5179 4903 2610 6040 7762 502 7634 1104 6072 6597 2446 8572 6248 5859 9262 4979 6977 8214 2552 2255 64 7588 4542 1818 3868 1553 5389 9005 4645 5936 1930 3154 8984 8737 7223 787 4086 5508 7252 6246 4309 8669 7931 1295 4583 8051 9452 6803 3614 3906 9399 3203 2043 1141 1540 3514 9585 5494 3299 9189 5688 5903 7650 5182 4315 4270 1993 9248 9339 3823 9642 3304 9557 8901 1728 8085 1593 3857 8488 3393 2330 3400 3509 748 5608 2193 3800 1723 8835 153 1384 5703 8750 7758 1729 4694 1082 7477
9081 4582 263 1184 9839 8909 1194 2238 6218 2030 2530 9584 4701 798 9093 6966 9953 1710 4887 5683 4185 6516 788 2682 7831 7433 2870 678 5414 6846 8334 6453 7653 8808 4579 3802 5130 8575 5674 1070 9786 9627 3451 4268 2855 9768 3685 3108 1892 5739 5528 5292 2879 8006 1686 2670 6721 3726 9669 7191 4076 8435 3883 8276 5872 434 4523 5131 2720 3379 9938 537 2039 7284 3536 977 6545 2083 152 7923 5710 1992 1744 6170 2671 5160 5756 4507 5836 3552 619 7644 4100 4562 1619 7263 5654 5121 6100 19
4841 9207 4026 1774 3212 4171 9091 7899 8077 5867 8320 303 2010 2726 6562 1003 8889 6254 4125 7146 6814 4796 1796 2554 8593 2610 6790 2421 5697 868 6051 4956 3776 6967 2560 37 6288 9293 8305 361 4522 9260 5692 5075 9529 8285 6503 1271 9857 192 7925 1889 3863 8825 1237 279 3497 1903 5684 8394 7540 5973 7566 7259 8725 5791 5779 6858 325 7535 7857 8539 9723 8980 1553 2579 9503 9540 1097 6307 79 7558 1667 5814 7015 7972 7344 3245 3118 5103 2247 170 9696 5241 1954 5235 3815 2348 9735 762
3091 8361 9975 9201 754 7045 13 4319 6208 1769 7769 824 5020 6755 1535 5194 1544 6806 1334 4856 3101 3212 8987 1567 5146 2921 8005 1071 7185 6672 2462 3963 9100 9139 6162 9054 1101 8456 3438 9435 7632 2583 7649 1869 4144 4042 3786 8000 5304 7382 4085 1773 7988 8700 9834 6440 8079 1690 4080 4914 4575 4541 6080 4153 1907 83 1651 1481 1667 1247 2417 5665 4966 3317 9843 5239 1089 590 9479 6806 3643 59 8522 3174 5600 1832 8960 5086 940 5641 2564 5508 7298 9570 3620 5760 4576 1845 6004 5564
4102 9987 5451 2692 2199 2168 914 3963 7157 6400 2014 5783 4405 3616 5630 8655 1139 7067 1779 8092 72 2876 8776 285 9407 800 7521 222 8676 1466 1019 2612 5685 5877 9938 8410 8403 4308 4290 4270 2357 6235 4911 6823 8210 1246 5955 2222 6774 6129 6432 9740 2625 8631 8697 8673 2211 9013 7775 4375 6767 2170 6251 1843 4849 6663 5753 7404 2478 5990 3784 5678 8966 8393 8532 466 9718 939 7354 6818 1330 2928 7484 7 8140 3602 6750 5158 6422 4604 7544 2807 5567 2637 5542 9305 2731 3652 5072 8055
825 6201 2041 5119 3347 2493 5437 4504 5757 4093 1240 2717 6724 6069 2158 5765 6469 4068 1199 317 7996 5463 3883 6316 6987 2446 3310 2324 68 8039 639 7658 6404 7608 3298 82 6448 5803 504 1080 1739 6300 2473 9046 8583 4419 1655 6005 9560 3882 4960 2507 4741 411 1458 645 1516 9886 2820 6612 9185 8426 423 4559 7086 1967 1289 2177 7492 2939 6667 3450 8844 9188 5128 1510 1523 4789 93 335 9565 3148 8528 2976 6552 1450 1594 8855 285 9182 6949 4648 7531 1593 3184 7773 5752 2135 439 1359
4691 6947 5808 1825 514 3517 6690 6634 4777 1035 7598 1055 5826 9251 6294 9793 7380 721 944 4920 1203 5929 3400 934 8868 8534 9800 1521 8175 3275 5771 9368 7341 7537 199 1800 5384 860 3 141 3200 2459 6480 3561 4940 9433 9069 9099 9846 4585 3193 6056 1593 4041 8373 466 4905 7687 6709 9011 1811 5311 5133 7233 9288 6769 4208 569 8646 5982 3113 7249 3490 5201 7066 2949 4013 7870 8430 9760 6268 1400 6853 182 7035 6729 1857 6874 9515 8140 3347 4941 9159 9024 6023 3233 2119 9532 6951 8904
8003 3265 3519 2580 4150 9066 3163 6604 144 2830 6278 8265 4586 4202 3692 3225 7956 6838 7372 7820 7415 6842 9986 7659 8286 2532 4977 4544 135 3090 7533 541 7269 5595 7377 5010 7615 3066 7585 2354 7184 9415 3159 2718 2405 9648 1158 7184 8340 4472 9591 2911 370 7045 9939 5950 4212 4179 3785 3214 270 598 2535 6439 7403 554 4741 2559 6862 5258 289 1978 7430 5285 1051 5153 3915 1191 2665 2364 1160 5679 4742 1157 6769 1141 6858 8339 1404 1936 213 2453 3310 4630 2601 5427 5831 8379 6904 9694
9213 7798 6363 5494 9652 142 6022 1870 8657 538 2538 9459 6520 9264 4628 6790 9711 4539 147 8093 4457 2595 7281 3318 4480 4584 5392 8062 8005 1801 6183 1159 1287 4214 2235 9741 5210 373 7065 767 3577 9455 5480 5008 3106 554 9541 9196 9580 6770 4220 9163 7932 2322 8654 308 3231 8875 2113 1863 6672 4993 5740 8628 5093 2935 7520 8535 8605 1219 8098 9835 4885 6067 2668 4701 6468 4697 627 9413 201 1310 2424 9580 574 69 9672 8034 3642 7916 5431 1774 5549 7182 5201 8461 4200 8323 4195 7123
1205 9097 1479 6761 9765 3578 2181 5875 1848 8927 2763 2660 6995 7709 8767 8303 796 1536 300 7720 4717 7015 2322 9122 7750 3383 6776 4052 6327 2623 8051 6820 8584 6099 6964 2932 4507 2780 944 2523 8940 3268 503 7944 4982 2066 6568 8771 4145 670 9621 1757 6168 2660 3748 2862 6538 7624 5426 8106 9769 6436 6680 3224 1503 156 7244 8968 4743 488 6966 4403 4501 962 5924 4528 6609 7752 9057 4333 3478 2893 306 8393 5862 318 808 7367 9580 7066 4448 3546 4320 6720 9352 3992 7973 5569 7469 2461
4367 6468 3612 9738 2607 9126 5397 7137 5196 1335 2791 3354 1404 1244 2427 5454 4823 5041 4833 9584 4068 8261 119 3142 678 7512 3271 6766 2754 4779 8916 6215 778 887 9971 9166 7622 1055 1192 3991 5351 7152 2930 641 5968 6399 9857 5597 9600 9273 6593 7398 5242 6871 1365 1963 1218 8111 3948 2697 6056 7630 1440 4859 1771 4940 2464 2740 6931 9237 1073 2559 8351 9044 5412 9181 93 3586 7081 5258 9660 2353 2551 8090 7017 9023 3249 3293 3535 3875 1185 6426 2974 7748 7509 463 5567 7239 9432 5210
6384 2608 444 8999 5270 3873 8884 2051 7585 4740 2183 51 2846 644 5581 6626 8817 7758 6799 42 5206 4865 1719 1969 4338 2337 5678 2119 2785 2105 1970 9151 4975 6201 1736 3856 3635 7468 799 9975 3007 933 6092 5103 9501 4508 1650 7396 1354 3091 9938 5941 4747 2701 2177 4720 2347 6864 1686 997 5690 8970 8421 4630 9386 1827 784 4994 5150 71 371 5585 7134 9531 3111 2158 2875 8714 3652 5363 4865 5623 3688 3404 9089 1378 7537 1866 8357 3904 3845 2069 8865 1424 6089 8165 5874 7208 6294 2599
8037 5071 959 9142 6733 4592 3155 8990 5725 6939 4363 7531 887 7272 5845 970 6565 3245 8358 6909 4583 838 1502 7553 6810 4223 5216 9412 2395 5396 766 771 9555 1756 7389 9702 9907 4884 4297 2661 3498 3751 8989 5850 5342 4238 565 3967 4500 9818 4109 7984 8334 5548 5126 8207 1018 4947 9224 5753 4253 8336 363 3759 1660 672 9374 158 1465 4445 1254 1634 6151 2273 7566 507 1546 3036 6248 6949 7656 3022 4050 8448 364 962 8459 4301 8173 2521 8390 7253 541 8638 9155 2973 1683 9101 3346 3553
5974 219 321 1979 4144 2334 3059 4666 2830 4944 5749 5158 6707 8298 9973 7713 8353 1428 9509 7289 3777 7112 7913 9862 6087 6431 6574 939 1452 5717 8563 6828 4980 6055 4001 8377 3123 8941 9701 1573 3771 8136 6470 9057 3149 6533 5588 4793 9665 7975 2157 4891 8341 8825 3538 6130 3872 1634 7808 4267 3689 3754 775 8578 1865 4952 153 1233 7209 5123 9969 8933 7906 9571 783 9921 253 4335 4936 2296 2356 8582 8991 6842 1265 157 9414 1222 3534 9318 7598 7267 6433 9102 7731 6474 622 8914 805 4114
8576 3521 4154 7617 9078 7326 6855 1590 2611 6536 5180 2269 6002 5438 5998 4820 3665 1094 9746 5525 4779 1067 2104 4679 5581 3571 98 3270 1936 8036 9949 3601 7772 5071 2134 1052 9639 7045 418 322 4961 9645 1850 6204 8781 6885 8566 8354 9184 7638 2070 3648 9138 8434 8001 2094 2104 6343 1336 7088 5367 5207 9247 3674 5274 4896 2124 120 7349 2121 7129 9393 4737 1557 9377 3985 4718 7143 781 5775 6398 5016 1766 2990 3979 3204 9833 7353 4238 6011 7685 5935 1563 1684 853 3443 8391 5750 7334 2829
6221 2134 3090 6512 8211 866 6485 8838 1968 2384 2686 888 9775 6218 3016 6903 5243 3245 7583 7465 3638 3764 1436 5271 744 8294 7472 7736 6345 8623 4093 3760 2236 3596 6355 6093 2035 6495 9171 8252 774 9089 2641 2726 8658 1913 9348 6702 8470 1033 2493 7413 2139 8005 4105 2760 6309 5401 85 8895 6807 1965 949 4677 6916 706 5154 1336 3207 3071 3136 5820 4826 6142 2639 8737 138 6631 8033 3444 2291 3734 786 5512 6723 2079 3013 1831 61 3320 7206 5736 5469 1382 8982 6543 55 9687 1218 5435
1924 1778 7047 9720 3824 4948 6643 3308 4091 6707 3174 7336 1474 4881 5610 8241 278 4993 4783 1617 9973 8045 3721 1038 3333 4633 4663 7937 7391 6651 9140 4156 9848 2812 4999 3949 7388 4374 7196 3065 8833 6906 4149 8921 6232 5703 7503 749 6890 4484 2951 6651 1678 8896 2626 1056 6764 6893 1433 7226 1312 2147 3746 9439 5929 4429 5619 8273 9826 6918 4979 2620 9670 4069 3057 2772 5294 1669 4922 7246 9398 7044 2050 5926 8262 6612 450 9151 4958 2787 6356 8002 409 5838 3646 9890 1583 611 6400 3384
3671 4575 6708 5051 3320 8260 3990 3166 5680 5387 3545 4424 954 4588 9802 592 2483 8999 443 9948 6087 8820 260 6443 9043 9931 1247 2628 4174 5236 1390 6551 5296 1027 7762 9340 5760 1306 2812 5532 3717 9063 4218 5221 4133 7779 7758 2305 4935 2914 1760 9654 5389 7655 9679 4944 5189 3092 2583 8178 5085 1075 8752 3406 1461 8812 7572 7292 2094 2702 7326 6388 8117 4009 5009 651 5114 5469 6150 2402 4916 9103 8197 2952 7984 7045 5218 7015 5104 478 2498 6626 6865 7449 5880 9912 1793 5052 4697 1792
4017 1768 5977 8895 8776 7746 3930 7334 9130 2970 5430 6507 3637 706 7148 6669 5532 8601 7886 1831 494 7003 9929 1204 4405 4173 28 244 7999 2869 8121 664 9771 8709 4795 449 7072 9311 8010 1681 4008 6718 9719 5894 3277 4002 3230 2505 9880 9308 6442 1060 4667 9427 6916 4998 3755 9812 8852 7040 8679 5870 9433 8812 3952 523 268 8406 1036 4630 7762 5339 2860 3757 2741 1294 3591 2474 8528 9092 6807 8216 2901 553 9062 3901 2344 1616 8770 5773 4679 8426 2016 2470 9240 9301 6053 9753 6530 9228
290 1651 8287 4823 2745 3086 1271 9867 6951 4788 9437 9927 4290 2209 1904 1271 842 7665 8647 9170 1470 3293 6919 7592 5823 8010 2767 9802 910 1829 506 5003 852 7357 6732 8822 165 6658 1492 2655 9424 9367 8647 4807 1500 8570 2285 2755 5577 295 9538 1109 6547 1968 9870 7230 3295 5787 6234 8562 7508 9349 994 7532 7791 9098 2060 6061 3361 6963 2757 3132 8246 7550 309 6605 3256 4244 3967 8260 5428 7707 5782 3731 4560 9548 6576 5446 2639 8100 4706 6802 8744 3962 9708 5027 8015 2861 9126 6871
9605 5576 5711 1760 4100 1475 129 1791 1537 4229 2747 4432 8426 7913 8948 6630 757 9440 9336 8717 4833 8623 62 7207 5495 3291 2103 264 4726 933 3038 4957 6881 2306 6466 7664 7796 2209 1641 6440 1101 705 2525 3131 7963 66 399 3788 5604 7657 3518 7008 2483 4064 5225 7698 8712 192 4961 430 6145 7576 9616 3505 1798 8074 5572 6022 1625 9707 4782 7671 7228 4480 6556 8655 5919 9087 6221 4117 8736 355 5846 8016 8528 453 6714 3374 4192 1012 1032 2177 6498 7568 3414 8341 6564 9842 2419 150
9058 3084 3418 3634 8866 9385 2370 9949 1924 4795 9828 1720 1385 2325 5885 3759 8826 1764 8646 6480 3506 5481 2263 8616 2278 6287 9656 4071 7011 6059 390 3848 2122 592 1159 1220 1589 9195 4410 8383 9632 8797 991 1621 4065 9021 4449 4223 8279 3619 2315 2342 1885 7267 3039 6953 160 1422 5144 8238 5997 1568 1457 705 7644 6241 7952 6793 3908 4532 3096 602 9810 9299 4345 8782 4750 266 4557 9943 3004 1131 2334 2747 3797 7133 9218 1744 4549 9583 8526 3948 711 4808 5063 7093 5638 1279 3207 1881
4132 7606 3497 969 4783 9756 3919 6831 3334 4963 6018 1608 7275 7573 1491 3473 2615 6109 4524 7148 5071 5767 112 2425 7642 511 7189 5606 6444 9963 4116 8108 4710 5131 6795 9065 7699 4099 13 7688 7296 1542 4020 8168 6928 9176 7048 8834 2634 1251 8865 4586 2159 5384 1168 8753 3792 1902 46 1155 658 1493 173 1147 8850 5998 9510 3419 5884 1694 8963 4572 5965 5315 7188 4040 6016 7845 51 8253 4921 8181 4507 3743 4743 9393 2643 9634 1689 2519 9767 5163 2974 2608 6230 1554 8253 7879 456 5591
7852 789 8869 1788 1053 1569 1629 8504 7801 6243 4231 4444 7547 4796 1566 9630 4016 987 9224 7662 4747 6870 8386 1520 8863 7378 3428 9082 238 5755 1518 3719 4933 7984 8637 8368 8102 2335 8157 9183 6722 7936 3530 8369 8496 5716 1168 4506 2702 6709 1830 4453 7194 8565 8920 7428 2222 7605 4025 8540 1026 121 1177 492 6065 9892 3144 4077 1616 9754 4958 2116 9673 7640 1727 5826 8826 5162 50 4792 7719 7082 6812 6357 9763 3365 3828 2778 3046 4043 3605 8641 5162 6294 1089 6786 5546 2038 2771 7659
6060 7593 4015 961 6432 8292 5829 8414 3060 4101 7672 7383 5305 8835 8242 7425 4106 4757 6932 5622 5589 4891 3595 7711 1495 7848 9510 8390 5934 2265 1516 5359 9685 1440 746 2683 9585 6151 878 6517 733 3787 8907 2439 1244 5908 5161 6185 9097 4367 3005 9582 2810 9694 146 8811 9256 7485 1606 8029 4133 1938 1127 786 5723 1287 2571 7593 1757 8866 4101 937 4617 2748 388 8946 9217 7409 4154 8973 9994 9944 4919 331 361 6090 7788 4247 5798 1163 9138 9923 4531 572 2424 8435 1065 5679 6123 8957
389 1122 6908 5215 7260 5984 2582 630 2457 9132 7532 8282 3812 595 7367 7336 6465 4672 6312 6815 8556 3775 7841 5908 5768 5665 6355 1826 2799 368 2685 3723 1433 215 6388 4505 9014 6820 7419 4401 9606 5603 5447 4734 3254 4552 3710 6043 9355 4945 4306 2851 1392 7130 3132 4688 1102 8 8421 4644 7139 1198 7949 9850 5719 4169 4079 1867 8065 9301 7102 9551 5372 2852 6453 9716 9583 4386 8356 7649 2930 7519 1807 1500 2397 426 53 3705 621 3326 5602 9152 7105 8985 8992 8088 4413 9982 9236 2120
3919 3058 3446 8433 7067 5473 8866 6501 3922 2496 457 3248 5655 467 4586 1554 2345 4961 6812 2070 9310 9941 8669 9914 5100 8158 6487 3308 8459 9968 9275 8783 1148 3033 919 5475 3667 676 9111 4182 1035 2241 3898 6074 7364 6207 7679 4518 6773 4245 6217 971 6974 8223 2243 9133 8656 4287 6830 3220 9639 6521 3441 4384 4901 6731 3082 6945 1765 9785 4299 9055 1012 9111 1444 4175 250 8476 7129 5679 4204 2759 5468 6451 7200 4283 7987 4809 2452 9284 8201 2583 3921 8953 9886 1254 1771 5267 1725 7118
2246 7141 4413 3034 8013 9525 8331 4198 3591 322 1606 1914 2814 5866 7962 1324 5216 2852 435 6531 767 2056 185 3288 9349 9119 8004 7509 432 7854 9491 1172 5167 5086 5160 2543 8349 1162 3878 6023 6060 429 8443 6263 3098 158 140 1476 5433 1263 4106 1576 8915 329 9669 4453 6460 4714 3090 4264 8095 5579 4303 2925 7603 9292 784 1820 7404 3364 1092 9414 4516 577 5613 9207 8666 4890 5099 8784 3092 2508 9083 6078 7678 3790 9379 422 3005 4994 6852 146 8618 41 8769 9324 9741 8469 1114 616
490 8087 8615 1997 10000 8332 133 1403 4188 2032 8812 8068 4077 868 8024 9770 6477 5295 2350 2521 8621 1603 3282 7409 3853 5132 5346 4559 7992 8406 3472 5756 104 780 6371 2549 6589 2250 6306 8751 4693 5172 7439 1238 5310 7697 4094 1376 610 4821 6000 2545 2119 8997 4561 9461 464 8367 8070 694 951 8109 1156 3874 3728 8686 7657 5202 1583 2948 4171 2918 1094 4597 8997 7165 5587 4646 270 6982 227 3654 1775 7134 8388 7526 5835 6123 4031 2179 3434 7433 7045 8153 4129 5216 5712 3829 2989 3086
7737 6819 2046 1638 5942 1802 6608 6180 4057 5458 9818 1907 9483 5038 4664 6344 2248 1743 3475 1336 9359 4557 412 1889 5063 1688 3075 7079 160 759 2964 2859 5779 7548 272 2096 6010 2587 1905 1290 5262 2739 9049 5877 257 3689 5092 8644 12 2611 1984 3962 3048 9666 5197 2740 3354 7799 712 3321 4646 5986 350 1475 9257 4357 3492 5384 683 2678 3243 2503 6928 3103 472 4230 8457 9114 4965 1122 6489 304 8112 5007 8133 4408 5884 7527 1637 5349 4148 6177 9589 9034 2526 6856 5760 7578 3584 5983
4680 355 7047 9382 6555 4207 9947 381 3773 2387 944 374 5022 6963 6042 71 3915 4877 2775 6983 3357 4336 1118 6122 5406 4250 1706 1950 6597 9480 8122 305 2720 3104 3411 4066 9016 2853 6274 233 3568 5106 7408 8074 4194 3849 8271 6005 5499 4491 217 842 3461 3393 7718 5879 3005 9008 8342 2783 7232 9551 5543 2446 6140 6942 5009 6916 6261 7714 9342 1685 7703 8055 8786 7245 1264 903 2557 609 1286 812 5809 2515 8591 270 1543 5700 9004 763 7192 327 3813 865 169 6127 1098 4594 5222 4274
7987 868 4249 6993 8843 466 5874 8731 8116 6938 2943 3518 6017 5056 1028 4594 3709 7562 6435 2059 2309 6400 5691 515 3952 7977 9032 9715 9391 8214 9179 6494 5810 8049 492 8659 3783 9678 9464 3579 7759 9119 380 4197 8040 9069 1039 7752 8663 5947 5869 7419 3040 2603 9738 7278 9050 1298 2145 2624 6231 7753 2236 9076 6564 3123 3791 5689 1324 9940 5365 5193 7302 1965 9102 4127 2109 7040 3056 4212 7947 7317 973 869 9722 3954 4818 165 6833 8039 2952 7575 5764 7728 9620 8040 3100 6877 4845 1087
136 9073 7108 1783 7098 1536 5288 1028 1289 3433 2630 9657 5924 3235 2951 4186 5395 588 4734 1454 261 5909 6085 8457 6152 8294 9495 4852 6136 8479 9760 431 8638 3390 5364 3532 362 6340 5684 9052 2222 8797 5816 2599 6658 6202 9732 1908 335 8847 4803 4505 2048 7153 2176 6562 5270 4339 5393 5937 2663 9960 5302 2782 574 6144 9108 7994 9021 9890 7222 5373 2818 9683 4279 1830 4817 6289 2079 7308 1532 3718 7998 7380 5181 4407 8602 9289 5417 8361 3920 496 4113 7449 9122 650 4729 4286 9612 5224
1550 7364 6307 5225 7077 5859 6191 697 4919 2750 7027 878 1149 7600 6113 6804 1861 4921 5012 5759 9378 8538 8151 8794 6843 1931 8246 3764 8473 2296 6829 2994 3241 9293 7797 8013 5173 6648 1462 3537 8086 5087 1512 6665 321 551 4128 9169 4020 3818 1866 7221 2029 1989 6283 4587 3400 3490 6596 5366 159 8038 8475 4137 5580 6639 5249 8219 6221 9235 4767 8098 3563 4263 7265 4030 2459 1384 1868 236 8427 1826 7182 4165 1646 7408 8784 1531 7486 9101 2530 1680 201 1524 44 4202 2621 2984 9880 3378
5561 9391 6944 3367 6143 2852 7248 1630 7982 1875 8855 7826 3879 4275 6192 6208 1404 2351 5830 583 4069 7274 2431 9386 5417 9911 5170 1172 9756 388 1681 9489 9530 5507 2813 9276 6237 755 5263 268 743 3197 981 1233 4325 9587 5830 1753 6144 438 1287 4224 7646 8804 2743 7687 2138 6791 4369 8134 134 8743 3024 9020 4957 4326 6443 8127 9793 8094 3919 4050 1425 628 1610 3071 6657 5840 8781 6816 7948 7531 1878 205 980 7671 6363 3140 6771 7450 8713 5314 4475 9261 1338 3272 6632 4842 2448 3143
6050 9724 7510 4652 6365 9588 9696 8012 636 9270 8879 2839 8466 4868 7884 9719 2961 9569 1683 5592 4332 5132 6105 2200 8539 1678 7880 7173 3752 9660 6544 6570 2115 8798 6673 1303 7399 8086 6727 2533 571 3987 1419 3884 4437 1774 5800 7261 5453 5131 1711 4185 1512 8953 5190 4385 8932 4832 8352 6461 6510 8373 3269 7917 8352 8226 9724 191 2140 3681 8369 9390 9523 3270 5537 8377 3606 5741 247 789 3375 1932 2952 6853 4261 5780 339 2677 4583 1171 2624 5826 5936 7494 6973 8386 4593 7589 148 1197
32 8663 6865 8256 3423 7846 4511 7241 5009 9185 7644 2633 1843 4957 1159 5664 8404 2854 2374 4353 7812 6177 4719 7949 82 1423 8161 8590 3053 9937 5790 8633 1530 3687 5737 642 5859 4706 8389 2682 3441 8101 893 9606 7606 3551 8897 2721 1719 6208 3093 737 4169 7361 8204 196 3024 7357 2563 708 4211 4603 9472 6269 2861 7988 1997 7335 6866 5894 7658 8149 4881 3384 5413 4922 2939 7344 3920 6501 7424 1703 2587 649 9963 2422 89 7061 7590 137 9110 8462 3551 1015 5160 4204 4648 341 3433 5517
7900 4068 7173 9627 9005 6946 9063 4698 1578 223 2781 2054 3616 882 8576 6342 5078 9508 5140 8726 9996 8578 8264 4299 4320 2148 1453 2430 4870 7788 7152 7304 8133 6190 1863 7142 5494 1930 1346 7374 5217 4683 7224 9445 2771 5344 2292 6489 9659 1802 6504 782 1462 3339 6150 7552 5517 7974 5175 436 6164 9769 2093 8427 7579 5007 3834 7036 2641 7403 2158 8192 7944 4046 9654 968 2739 7499 4683 8602 8938 2825 3324 123 4797 8808 7753 5551 4571 3748 3482 5991 68 7010 6547 8804 1131 5789 482 463
2929 8663 8258 5496 8507 2315 9573 2584 1220 5124 5185 8546 8313 9787 2503 7235 1645 5309 5084 9709 2328 5143 5063 7591 860 2286 7430 9344 3679 3591 135 5565 3569 6851 2822 887 9313 1044 3737 9403 6556 3440 347 3395 6286 7754 3097 3595 2814 6737 8695 1804 5966 9366 8190 9812 1180 5414 7797 504 3387 634 3711 9948 3254 3487 1690 8838 3083 7175 6793 4538 4867 9137 8633 3448 903 4868 5337 1193 1809 2753 6628 9239 3508 9586 279 4559 9201 6400 9330 3812 7486 4048 4220 4049 4937 2223 1864 5689
1247 8459 6204 8969 940 1378 2147 4810 5581 3684 2523 46 8566 6471 9141 7555 8683 9284 8594 5790 3444 9870 6300 1114 6826 7220 1105 728 3547 1030 635 6299 6741 58 6724 6906 9502 8724 2751 4060 3930 107 9801 495 860 6819 4562 8563 9304 8888 9368 1928 4896 4236 3277 9588 7017 8375 1766 9613 4759 3853 2333 116 5476 7570 8382 7829 1791 8575 5849 2562 4324 5213 7395 6820 9269 8762 9925 1341 5729 1381 4836 9456 1242 9308 8739 468 8135 613 8548 5811 1267 9839 1169 5661 9950 772 6663 7084
2183 2159 7928 9085 2553 3188 8791 8342 9702 5007 2698 7231 3717 1696 2944 8930 295 1111 2543 9216 2172 1126 881 4376 8454 8450 2205 4359 3059 682 6523 5816 1492 2457 8651 9594 8614 7006 2212 8773 6421 7183 8190 4982 3460 7966 1451 3073 5404 7322 2594 6667 6814 1116 3920 7950 5998 979 5030 4213 4487 1287 9814 8720 6553 6315 4280 1362 7702 8369 3324 6371 2457 2795 9526 826 1867 1731 8167 9237 3004 5614 7463 5287 263 4627 9299 8688 6201 6715 5685 3076 2302 3237 16 2302 2250 4897 8176 9742
2150 1881 5508 2174 8384 2275 5734 7615 5618 4053 2000 8247 3595 3257 3761 1004 4237 2426 4776 4757 1703 5447 7397 5656 6656 3983 2988 2642 6139 6062 8392 2597 3465 627 6932 5582 8243 7970 5859 8694 9345 5055 7937 1442 1013 4160 8308 9119 6074 2909 8102 3350 8266 5339 5337 9132 569 1380 140 3574 7036 1623 9280 6256 4808 4810 7979 1788 7958 8552 4775 8308 2082 4039 334 9138 2281 1409 7980 7621 1974 6417 5615 7177 951 963 1415 9665 6540 3755 6156 4725 6853 2494 8332 6938 8892 3784 3983 2623
915 5620 9104 6491 7109 503 9702 8743 1383 1950 2177 2535 8010 3263 3376 8331 5893 1328 8800 1143 7039 7003 1336 7437 9928 1482 4352 3824 9901 5994 7658 2717 6493 7373 662 2148 5955 3936 279 4064 4657 1598 8024 5064 87 7271 1918 1800 8077 787 2423 1314 7947 3694 6890 2803 4093 779 1526 3172 7238 975 4293 1011 1071 6440 3059 2162 8843 536 4310 4094 3307 9559 9043 5755 963 8033 4896 8589 1836 4789 3875 2967 2561 6912 5901 3970 3252 164 5977 1070 2523 9859 501 1064 5190 6330 4312 356
4049 6073 6839 9014 8784 5685 5831 5680 2790 8782 6652 5480 9899 1718 5575 915 9216 9888 709 2705 1340 7137 1535 6920 7234 2952 989 1581 8212 6551 2353 7621 8235 8923 3326 9744 5779 2047 2618 9634 112 6600 8875 8097 9014 8852 1843 8401 3615 2852 4402 3187 1343 818 1644 7090 7273 9455 4371 863 9486 7815 729 2880 7109 820 3980 722 3177 4160 7367 3182 885 1852 5766 3680 8199 1547 2487 1296 8754 8317 5354 3113 8233 6682 4155 2261 6316 4469 6559 1755 16 114 2017 920 8409 7491 7588 8479
8578 2596 906 9240 3028 1190 7648 2358 9603 1170 6058 6256 631 8195 5666 9010 8816 8664 8771 4438 6604 9937 468 7741 187 5673 2754 9842 2045 355 8864 1677 9413 4735 5255 4342 460 2364 2923 4682 303 4616 4470 9158 1798 1695 2520 4994 1648 6639 4775 9205 5756 9840 9247 8964 9428 5650 2564 9109 8105 2628 9676 7029 4909 7854 3154 9203 3871 5724 8017 7791 7730 4403 1241 7468 4385 424 5762 886 9615 7347 8993 8341 1542 7158 3334 6963 9824 3615 6262 5120 2390 3963 8572 5571 3646 7852 1175 1642
